113 8 101 70 17 31 77 62 126 72 
113 8 126 72 
113 18 107 52 47 91 112 74 99 76 
113 18 99 76 
84 124 29 9 114 69 72 125 23 115 
84 124 23 115 
1 13 21 91 64 36 110 89 99 109 
1 13 99 109 
6 44 11 47 88 56 121 24 39 32 
6 44 39 32 
27 26 62 29 109 107 82 119 91 29 
27 26 91 29 
43 59 16 90 20 26 118 15 86 56 
43 59 86 56 
3 56 114 19 13 25 66 35 83 88 
3 56 83 88 
78 74 95 85 22 84 79 76 33 112 
78 74 33 112 
77 48 1 104 76 20 31 20 68 70 
77 48 68 70 
59 75 19 107 63 80 47 97 65 87 
59 75 65 87 
61 78 77 0 70 62 107 41 124 24 
61 78 124 24 
0 24 14 18 114 109 78 40 33 48 
0 24 33 48 
68 7 17 26 89 41 38 66 87 99 
68 7 87 99 
6 97 23 93 5 67 49 42 120 16 
6 97 120 16 
56 67 45 25 39 65 2 71 8 76 
56 67 8 76 
77 37 103 80 47 78 35 55 34 33 
77 37 34 33 
82 114 35 95 51 112 66 78 3 126 
82 114 3 126 
126 72 35 55 70 95 37 78 46 33 
126 72 46 33 
77 101 104 92 23 38 102 85 74 118 
77 101 74 118 
9 65 21 66 13 84 3 70 57 90 
9 65 57 90 
118 13 97 64 20 14 53 65 18 65 
118 13 18 65 
90 105 65 79 77 88 49 74 37 41 
90 105 37 41 
13 44 71 71 88 68 97 19 111 94 
13 44 111 94 
116 84 71 10 15 55 123 122 28 117 
116 84 28 117 
24 109 117 10 115 106 97 20 69 64 
24 109 69 64 
67 122 47 85 54 19 75 29 64 68 
67 122 64 68 
48 14 23 114 44 114 42 60 28 82 
48 14 28 82 
2 87 102 73 80 103 105 37 32 40 
2 87 32 40 
107 114 115 76 57 96 92 31 84 80 
107 114 84 80 
101 20 38 75 46 27 77 71 30 94 
101 20 30 94 
30 117 15 106 65 30 31 110 74 95 
30 117 74 95 
58 11 32 27 38 35 70 72 98 58 
58 11 98 58 
97 52 74 2 127 29 75 70 110 121 
97 52 110 121 
125 95 30 84 76 33 91 7 117 77 
125 95 117 77 
109 72 105 77 123 5 37 85 9 56 
109 72 9 56 
90 85 30 104 34 123 51 111 15 62 
90 85 15 62 
14 22 19 120 92 100 121 19 106 30 
14 22 106 30 
122 0 64 100 115 121 9 122 26 9 
122 0 26 9 
86 30 124 32 51 38 3 52 4 46 
86 30 4 46 
0 127 0 65 37 32 0 44 58 29 
0 127 58 29 
99 13 11 104 20 94 94 7 86 126 
99 13 86 126 
120 83 19 57 76 90 110 75 17 6 
120 83 17 6 
5 15 33 111 107 99 18 38 24 86 
5 15 24 86 
62 127 116 117 77 28 73 47 28 79 
62 127 28 79 
45 124 22 123 119 72 60 13 37 90 
45 124 37 90 
80 28 35 93 106 110 108 72 126 23 
80 28 126 23 
106 9 18 81 80 113 86 57 28 39 
106 9 28 39 
26 119 106 89 26 112 94 108 109 114 
26 119 109 114 
78 42 125 93 45 113 78 50 103 119 
78 42 103 119 
32 43 43 121 83 24 11 80 26 111 
32 43 26 111 
43 127 29 60 65 19 62 90 2 23 
43 127 2 23 
30 65 76 78 51 70 13 64 75 104 
30 65 75 104 
9 67 52 6 21 37 89 7 111 20 
9 67 111 20 
25 26 30 127 90 6 19 1 39 65 
25 26 39 65 
59 115 43 50 82 2 96 109 78 85 
59 115 78 85 
14 96 64 107 93 28 31 59 105 111 
14 96 105 111 
90 119 5 61 104 19 28 104 68 124 
90 119 68 124 
16 18 125 42 74 47 67 10 94 121 
16 18 94 121 
27 113 4 65 4 74 44 127 55 122 
27 113 55 122 
53 39 88 92 12 77 58 0 88 55 
53 39 88 55 
39 103 46 125 89 96 74 16 23 94 
39 103 23 94 
27 15 96 100 28 104 88 32 99 74 
27 15 99 74 
83 39 73 127 92 38 51 51 116 123 
83 39 116 123 
2 12 35 53 44 48 87 62 35 17 
2 12 35 17 
40 52 118 107 89 58 17 78 113 1 
40 52 113 1 
98 76 54 81 84 7 51 117 118 41 
98 76 118 41 
46 76 6 127 56 38 66 81 13 48 
46 76 13 48 
55 126 44 63 35 18 111 54 39 17 
55 126 39 17 
111 111 81 64 0 94 20 45 15 41 
111 111 15 41 
121 77 32 62 84 57 70 26 68 48 
121 77 68 48 
125 91 1 27 42 65 22 57 79 46 
125 91 79 46 
32 109 58 48 18 97 74 93 117 35 
32 109 117 35 
62 76 103 125 95 19 45 71 45 90 
62 76 45 90 
34 31 12 100 23 77 5 79 63 102 
34 31 63 102 
110 89 33 76 72 59 120 43 37 49 
110 89 37 49 
52 18 75 80 66 9 98 77 83 91 
52 18 83 91 
127 17 126 91 0 106 17 105 110 108 
127 17 110 108 
28 3 79 49 17 105 68 74 63 98 
28 3 63 98 
85 35 18 92 118 0 117 61 82 88 
85 35 82 88 
12 10 33 115 16 57 68 45 61 86 
12 10 61 86 
85 57 54 103 82 23 124 88 24 14 
85 57 24 14 
54 46 11 37 75 55 121 10 85 95 
54 46 85 95 
78 2 119 120 104 44 77 99 38 86 
78 2 38 86 
71 54 117 79 102 11 29 41 60 48 
71 54 60 48 
68 44 22 59 28 6 64 39 61 124 
68 44 61 124 
112 38 49 22 51 125 122 75 99 15 
112 38 99 15 
71 55 87 97 30 109 38 47 120 23 
71 55 120 23 
66 121 102 112 47 13 119 81 32 6 
66 121 32 6 
78 57 97 50 88 62 90 116 78 106 
78 57 78 106 
10 31 63 36 114 83 67 28 120 121 
10 31 120 121 
124 50 32 29 61 19 72 55 7 49 
124 50 7 49 
76 105 116 125 37 107 26 16 85 38 
76 105 85 38 
69 118 120 102 2 113 103 9 96 17 
69 118 96 17 
20 43 104 81 106 48 28 77 84 22 
20 43 84 22 
16 55 63 116 8 35 21 69 84 3 
16 55 84 3 
88 48 73 1 108 79 104 97 6 16 
88 48 6 16 
59 7 101 50 117 14 79 32 72 94 
59 7 72 94 
122 81 82 116 12 16 113 59 40 25 
122 81 40 25 
110 50 107 78 92 72 14 22 80 9 
110 50 80 9 
84 112 48 61 84 116 64 57 75 127 
84 112 75 127 
22 127 53 85 69 119 36 74 41 69 
22 127 41 69 
78 72 119 102 35 92 41 116 25 116 
78 72 25 116 
116 16 79 72 94 96 65 125 32 69 
116 16 32 69 
102 74 124 44 25 36 75 83 25 109 
102 74 25 109 
105 45 57 98 25 78 77 108 14 40 
105 45 14 40 
104 41 27 92 82 47 22 122 12 90 
104 41 12 90 
33 49 5 70 47 85 61 34 103 86 
33 49 103 86 
101 40 46 73 53 1 17 105 5 105 
101 40 5 105 
82 21 82 8 100 8 96 30 64 49 
82 21 64 49 
26 125 44 92 1 81 84 39 52 19 
26 125 52 19 
77 44 99 46 52 50 38 32 33 63 
77 44 33 63 
9 7 83 9 110 97 72 93 117 62 
9 7 117 62 
49 114 0 31 90 89 5 86 85 0 
49 114 85 0 
48 36 38 107 124 71 11 116 102 119 
48 36 102 119 
41 70 36 48 79 125 118 117 112 31 
41 70 112 31 
62 86 9 109 125 116 107 60 101 104 
62 86 101 104 
28 47 51 117 27 69 104 107 52 2 
28 47 52 2 
5 101 64 101 56 122 5 4 115 114 
5 101 115 114 
43 20 11 102 6 16 86 16 62 9 
43 20 62 9 
86 47 45 92 83 46 85 5 53 0 
86 47 53 0 
35 71 59 23 45 57 45 122 24 65 
35 71 24 65 
62 67 56 86 5 126 89 65 46 24 
62 67 46 24 
119 86 117 32 42 126 48 13 10 84 
119 86 10 84 
126 31 32 14 109 112 95 82 55 56 
126 31 55 56 
12 117 119 73 123 7 26 74 12 43 
12 117 12 43 
105 52 10 83 27 14 88 85 29 12 
105 52 29 12 
98 13 12 103 0 92 95 98 99 70 
98 13 99 70 
71 55 115 104 18 115 9 87 34 40 
71 55 34 40 
27 67 85 55 67 52 38 101 127 68 
27 67 127 68 
112 12 127 127 101 119 29 121 79 59 
112 12 79 59 
20 17 99 47 93 62 61 38 10 96 
20 17 10 96 
103 65 108 106 118 71 81 6 104 103 
103 65 104 103 
121 24 58 13 19 20 61 75 35 45 
121 24 35 45 
76 27 72 124 46 21 78 0 26 43 
76 27 26 43 
81 96 75 80 18 25 78 24 44 97 
81 96 44 97 
81 81 5 104 126 84 78 42 26 124 
81 81 26 124 
110 10 53 120 19 127 52 20 117 113 
110 10 117 113 
86 82 73 74 58 125 102 19 3 46 
86 82 3 46 
11 111 20 64 60 67 80 35 118 19 
11 111 118 19 
61 124 1 109 13 63 125 24 54 52 
61 124 54 52 
22 76 44 108 41 57 71 87 115 101 
22 76 115 101 
36 93 56 29 56 52 82 127 90 110 
36 93 90 110 
7 66 126 115 43 3 2 29 52 57 
7 66 52 57 
47 122 101 125 67 77 4 97 23 47 
47 122 23 47 
0 6 1 78 76 20 79 10 18 116 
0 6 18 116 
86 66 87 4 111 98 92 17 39 69 
86 66 39 69 
115 86 61 12 11 8 26 9 9 112 
115 86 9 112 
87 26 101 82 43 75 46 110 69 84 
87 26 69 84 
83 19 47 96 114 82 37 101 6 106 
83 19 6 106 
91 8 84 116 22 85 96 39 64 49 
91 8 64 49 
88 44 21 85 5 56 24 70 122 100 
88 44 122 100 
113 85 90 99 24 3 124 119 117 63 
113 85 117 63 
104 26 125 73 46 123 36 98 41 48 
104 26 41 48 
69 65 13 112 82 95 56 72 38 7 
69 65 38 7 
127 123 98 28 13 95 8 85 40 25 
127 123 40 25 
102 8 107 57 119 76 125 113 62 3 
102 8 62 3 
49 58 3 114 104 123 106 30 71 89 
49 58 71 89 
118 116 94 79 74 28 88 12 110 73 
118 116 110 73 
81 44 40 94 92 67 33 90 126 105 
81 44 126 105 
80 112 62 31 120 105 48 72 105 4 
80 112 105 4 
58 104 56 24 44 35 7 42 46 71 
58 104 46 71 
95 96 15 18 120 3 121 83 61 4 
95 96 61 4 
88 107 22 62 84 28 76 81 121 120 
88 107 121 120 
24 22 55 103 20 9 48 71 33 33 
24 22 33 33 
111 68 26 42 25 10 8 62 0 118 
111 68 0 118 
59 30 21 2 35 20 16 54 61 5 
59 30 61 5 
14 77 11 64 117 7 123 4 30 4 
14 77 30 4 
7 125 57 102 0 89 72 5 39 44 
7 125 39 44 
60 29 50 58 34 126 37 3 4 64 
60 29 4 64 
113 106 55 125 1 68 43 20 42 63 
113 106 42 63 
108 64 97 42 56 20 27 23 112 24 
108 64 112 24 
47 96 113 1 107 16 56 48 104 80 
47 96 104 80 
104 8 66 15 54 13 49 49 36 60 
104 8 36 60 
7 126 72 78 125 124 18 15 120 123 
7 126 120 123 
82 8 89 125 84 68 24 77 20 6 
82 8 20 6 
124 35 79 6 10 31 47 70 73 8 
124 35 73 8 
42 21 38 90 69 84 47 104 16 114 
42 21 16 114 
4 107 96 67 47 36 44 21 27 41 
4 107 27 41 
76 1 54 31 90 80 68 67 68 87 
76 1 68 87 
66 33 45 118 117 76 7 21 50 8 
66 33 50 8 
111 91 54 113 7 52 81 15 76 121 
111 91 76 121 
2 7 43 23 56 3 96 105 85 105 
2 7 85 105 
105 97 10 73 113 116 91 117 101 34 
105 97 101 34 
48 29 83 108 62 125 112 66 50 110 
48 29 50 110 
123 61 99 118 3 106 32 76 126 13 
123 61 126 13 
76 37 0 102 93 71 88 28 46 37 
76 37 46 37 
39 72 62 58 28 7 17 111 127 81 
39 72 127 81 
114 65 60 4 28 87 118 59 64 53 
114 65 64 53 
46 45 13 90 125 33 76 72 124 55 
46 45 124 55 
81 24 116 35 50 102 65 90 18 47 
81 24 18 47 
48 36 118 49 127 118 90 61 73 121 
48 36 73 121 
11 95 15 22 27 81 79 46 26 55 
11 95 26 55 
6 3 65 90 7 63 24 103 67 77 
6 3 67 77 
44 48 105 20 124 62 72 14 20 120 
44 48 20 120 
124 6 64 5 69 32 0 39 105 58 
124 6 105 58 
82 31 107 63 77 122 28 48 106 70 
82 31 106 70 
71 66 91 95 21 100 3 104 43 57 
71 66 43 57 
48 28 60 45 72 119 72 77 49 36 
48 28 49 36 
16 26 54 84 94 1 94 20 13 34 
16 26 13 34 
36 118 113 62 53 0 5 45 22 98 
36 118 22 98 
35 34 27 106 21 32 4 36 110 44 
35 34 110 44 
87 44 105 89 89 55 122 95 84 63 
87 44 84 63 
9 22 94 50 37 88 76 42 121 95 
9 22 121 95 
74 20 35 18 36 80 110 108 122 65 
74 20 122 65 
59 7 114 116 19 40 89 86 7 13 
59 7 7 13 
91 66 91 99 12 111 125 119 114 98 
91 66 114 98 
69 26 15 5 99 114 56 75 58 26 
69 26 58 26 
115 30 64 114 99 87 122 4 86 110 
115 30 86 110 
101 125 32 117 25 67 3 79 16 11 
101 125 16 11 
42 86 88 46 82 73 66 66 47 66 
42 86 47 66 
96 3 114 109 56 121 99 72 98 29 
96 3 98 29 
111 32 27 32 3 79 71 0 2 73 
111 32 2 73 
62 73 6 57 1 47 92 2 126 105 
62 73 126 105 
34 7 22 15 30 57 44 111 77 23 
34 7 77 23 
14 110 76 42 56 75 81 62 58 82 
14 110 58 82 
38 43 34 62 69 102 49 54 26 30 
38 43 26 30 
45 109 55 101 63 25 87 99 12 42 
45 109 12 42 
82 69 45 109 24 21 49 20 4 114 
82 69 4 114 
46 79 33 29 8 56 65 126 24 50 
46 79 24 50 
20 3 41 107 123 121 93 56 43 19 
20 3 43 19 
66 11 37 18 2 86 41 8 123 74 
66 11 123 74 
96 105 90 12 19 111 60 21 109 94 
96 105 109 94 
34 41 127 17 72 85 99 101 29 94 
34 41 29 94 
98 7 52 24 102 19 7 76 9 43 
98 7 9 43 
47 5 58 115 86 33 118 55 99 95 
47 5 99 95 
38 75 1 119 67 48 101 120 16 89 
38 75 16 89 
120 103 118 81 61 94 1 18 96 53 
120 103 96 53 
44 100 58 109 103 126 3 59 42 113 
44 100 42 113 
50 61 53 123 53 101 101 50 53 110 
50 61 53 110 
33 67 89 43 9 94 77 87 112 72 
33 67 112 72 
103 34 70 70 10 60 105 8 32 99 
103 34 32 99 
90 0 51 96 58 80 114 54 11 31 
90 0 11 31 
36 78 94 76 107 36 50 19 126 26 
36 78 126 26 
115 6 69 34 13 33 81 43 56 83 
115 6 56 83 
112 86 15 48 1 65 92 9 58 61 
112 86 58 61 
55 42 34 97 40 6 29 101 84 28 
55 42 84 28 
126 67 116 7 1 34 93 102 54 5 
126 67 54 5 
30 113 8 52 127 7 29 75 79 60 
30 113 79 60 
83 94 69 36 81 35 54 59 52 49 
83 94 52 49 
26 73 15 40 70 51 38 86 96 125 
26 73 96 125 
99 52 62 109 45 93 87 1 32 96 
99 52 32 96 
101 20 59 21 12 75 117 56 94 12 
101 20 94 12 
44 77 73 84 10 4 10 85 44 101 
44 77 44 101 
6 47 25 30 31 24 99 36 33 93 
6 47 33 93 
121 121 53 31 25 36 36 68 113 116 
121 121 113 116 
106 81 109 23 44 90 0 9 51 18 
106 81 51 18 
50 53 79 120 43 101 74 23 1 111 
50 53 1 111 
52 111 37 116 23 83 17 124 127 53 
52 111 127 53 
36 115 20 39 96 82 91 18 113 113 
36 115 113 113 
50 45 102 107 24 52 54 0 127 113 
50 45 127 113 
116 22 26 69 60 8 74 105 14 47 
116 22 14 47 
5 67 75 18 53 92 96 15 117 84 
5 67 117 84 
78 103 125 80 109 17 38 60 56 5 
78 103 56 5 
17 41 19 49 69 76 63 56 51 113 
17 41 51 113 
63 13 60 90 28 122 126 72 90 127 
63 13 90 127 
0 65 92 15 44 37 8 40 55 25 
0 65 55 25 
123 94 30 4 85 112 36 109 93 50 
123 94 93 50 
86 46 5 124 59 10 44 37 56 9 
86 46 56 9 
92 105 5 78 116 125 57 112 68 26 
92 105 68 26 
42 77 43 47 42 92 100 124 56 8 
42 77 56 8 
41 47 18 101 35 96 121 89 77 6 
41 47 77 6 
6 7 81 111 43 86 59 127 117 96 
6 7 117 96 
25 8 88 109 113 118 80 13 19 63 
25 8 19 63 
11 33 32 50 40 88 3 101 127 31 
11 33 127 31 
116 11 38 34 53 7 18 126 112 89 
116 11 112 89 
113 16 50 22 53 14 11 21 38 17 
113 16 38 17 
41 91 103 24 25 58 71 48 10 14 
41 91 10 14 
95 124 61 56 35 80 48 78 70 50 
95 124 70 50 
25 18 59 121 55 34 71 122 22 46 
25 18 22 46 
25 16 81 7 1 119 12 50 75 66 
25 16 75 66 
65 51 6 13 2 53 61 6 67 113 
65 51 67 113 
49 90 17 24 78 103 24 61 22 14 
49 90 22 14 
101 9 90 5 86 104 102 112 11 74 
101 9 11 74 
26 85 76 93 70 43 29 67 46 60 
26 85 46 60 
80 43 99 127 121 31 38 59 115 110 
80 43 115 110 
53 6 106 98 77 116 118 83 80 30 
53 6 80 30 
9 27 94 95 107 81 66 26 116 12 
9 27 116 12 
36 120 18 116 100 75 76 66 60 89 
36 120 60 89 
17 15 92 116 17 76 5 5 59 88 
17 15 59 88 
67 104 119 4 95 92 21 74 24 107 
67 104 24 107 
0 57 109 109 127 18 59 43 38 52 
0 57 38 52 
107 67 30 118 66 108 9 107 125 114 
107 67 125 114 
111 123 90 111 3 22 78 111 86 83 
111 123 86 83 
64 17 32 28 64 53 56 64 9 28 
64 17 9 28 
34 32 51 75 126 71 81 86 47 72 
34 32 47 72 
115 25 122 119 51 71 17 81 13 127 
115 25 13 127 
121 13 106 97 110 37 17 1 7 89 
121 13 7 89 
40 75 89 92 66 105 109 88 19 121 
40 75 19 121 
16 121 40 101 80 112 125 97 91 77 
16 121 91 77 
116 55 103 120 100 58 45 74 56 87 
116 55 56 87 
14 12 56 61 124 124 3 41 88 48 
14 12 88 48 
110 122 25 8 79 46 91 30 98 71 
110 122 98 71 
126 80 86 79 52 74 34 78 57 109 
126 80 57 109 
64 82 86 118 90 109 73 65 96 35 
64 82 96 35 
120 37 57 71 108 78 66 62 70 59 
120 37 70 59 
76 33 96 50 108 96 115 43 102 4 
76 33 102 4 
118 72 64 66 41 89 4 41 55 121 
118 72 55 121 
30 126 43 40 97 13 84 53 61 52 
30 126 61 52 
99 101 54 115 6 27 54 41 101 107 
99 101 101 107 
110 94 65 47 51 87 88 69 98 102 
110 94 98 102 
5 42 86 23 58 116 103 20 125 125 
5 42 125 125 
22 110 100 11 57 103 36 7 29 46 
22 110 29 46 
3 106 104 115 50 80 91 121 24 121 
3 106 24 121 
74 81 35 80 32 117 11 6 46 104 
74 81 46 104 
98 44 10 119 62 79 63 64 103 98 
98 44 103 98 
24 38 90 96 64 106 82 99 17 61 
24 38 17 61 
62 6 120 33 74 28 110 89 21 96 
62 6 21 96 
119 60 44 87 41 33 100 100 79 102 
119 60 79 102 
104 43 52 100 34 60 37 106 11 29 
104 43 11 29 
90 29 127 48 58 84 57 84 13 117 
90 29 13 117 
53 79 108 53 82 52 111 41 28 107 
53 79 28 107 
52 17 124 83 47 67 27 14 17 5 
52 17 17 5 
3 115 91 48 28 69 97 57 111 64 
3 115 111 64 
1 24 10 5 95 12 118 111 58 8 
1 24 58 8 
25 60 45 70 70 89 114 19 18 7 
25 60 18 7 
19 85 78 44 79 83 108 1 87 39 
19 85 87 39 
85 103 26 95 115 11 49 40 3 45 
85 103 3 45 
84 107 47 103 89 16 115 51 24 19 
84 107 24 19 
106 30 42 100 96 121 95 25 59 81 
106 30 59 81 
82 18 92 62 102 10 32 74 56 122 
82 18 56 122 
110 57 102 60 2 109 87 68 10 55 
110 57 10 55 
28 45 50 69 103 40 119 32 4 4 
28 45 4 4 
85 28 92 88 81 62 13 46 26 26 
85 28 26 26 
6 53 9 88 101 28 118 91 105 32 
6 53 105 32 
27 51 78 94 118 27 81 121 12 89 
27 51 12 89 
108 65 24 77 65 70 79 56 15 4 
108 65 15 4 
81 0 25 40 12 18 22 25 34 39 
81 0 34 39 
108 101 43 103 102 91 27 47 61 101 
108 101 61 101 
85 65 51 92 2 32 29 119 13 58 
85 65 13 58 
58 54 34 88 17 38 82 78 77 42 
58 54 77 42 
19 46 83 58 13 97 40 66 8 120 
19 46 8 120 
86 13 102 89 54 116 69 3 110 48 
86 13 110 48 
86 12 110 111 23 118 101 90 39 52 
86 12 39 52 
26 67 18 112 53 114 59 87 125 96 
26 67 125 96 
87 17 54 88 68 31 10 16 110 14 
87 17 110 14 
117 3 93 57 28 25 32 5 32 85 
117 3 32 85 
33 10 79 85 70 126 33 62 108 96 
33 10 108 96 
115 18 67 83 14 48 37 126 126 121 
115 18 126 121 
124 15 88 34 79 109 114 100 24 37 
124 15 24 37 
55 123 103 120 17 91 37 102 56 114 
55 123 56 114 
47 24 126 102 45 10 25 88 20 60 
47 24 20 60 
30 83 23 0 53 14 104 108 5 14 
30 83 5 14 
120 33 91 58 30 90 104 41 106 32 
120 33 106 32 
91 64 3 113 70 62 23 110 113 95 
91 64 113 95 
82 63 78 19 19 124 101 83 105 58 
82 63 105 58 
110 27 43 77 70 89 74 108 79 32 
110 27 79 32 
51 44 125 98 82 36 2 29 88 96 
51 44 88 96 
24 108 10 61 12 95 122 18 46 85 
24 108 46 85 
43 37 111 44 32 54 78 80 53 2 
43 37 53 2 
15 116 28 54 57 16 23 77 35 17 
15 116 35 17 
33 68 2 7 72 11 19 29 101 32 
33 68 101 32 
6 123 63 122 118 77 100 67 29 82 
6 123 29 82 
56 95 35 94 37 97 34 112 106 17 
56 95 106 17 
103 52 45 59 20 5 90 39 50 90 
103 52 50 90 
44 41 0 19 111 92 17 107 53 90 
44 41 53 90 
116 39 93 32 56 97 126 76 115 12 
116 39 115 12 
25 71 13 83 124 15 24 94 61 99 
25 71 61 99 
65 62 62 124 97 120 56 39 22 7 
65 62 22 7 
88 84 43 106 49 42 70 114 121 76 
88 84 121 76 
26 14 22 37 80 75 70 90 67 110 
26 14 67 110 
64 27 10 5 116 31 74 5 57 91 
64 27 57 91 
55 60 29 59 124 31 67 75 103 112 
55 60 103 112 
118 109 91 15 108 37 70 16 22 34 
118 109 22 34 
62 33 0 6 124 43 8 3 29 3 
62 33 29 3 
77 13 104 102 67 125 94 3 85 94 
77 13 85 94 
122 16 97 4 14 77 52 56 82 24 
122 16 82 24 
44 61 99 9 77 64 66 62 80 40 
44 61 80 40 
118 68 23 2 67 89 2 18 120 77 
118 68 120 77 
69 124 5 63 17 86 115 49 44 126 
69 124 44 126 
92 55 75 56 72 73 64 33 42 96 
92 55 42 96 
57 66 93 99 49 61 75 105 58 54 
57 66 58 54 
41 30 0 108 39 21 100 72 82 28 
41 30 82 28 
92 67 99 4 127 126 89 124 79 112 
92 67 79 112 
28 16 83 121 88 112 66 86 27 6 
28 16 27 6 
108 29 7 6 95 46 4 64 55 13 
108 29 55 13 
115 63 100 84 119 116 108 15 17 21 
115 63 17 21 
53 119 10 5 1 79 82 66 84 84 
53 119 84 84 
74 54 65 107 17 33 7 123 30 56 
74 54 30 56 
70 117 50 41 36 60 10 66 69 47 
70 117 69 47 
84 70 89 79 86 94 42 31 103 9 
84 70 103 9 
48 21 82 55 90 46 116 62 44 68 
48 21 44 68 
61 78 55 80 127 96 5 19 34 111 
61 78 34 111 
12 4 1 101 84 94 64 44 65 12 
12 4 65 12 
61 76 106 8 43 51 122 37 49 95 
61 76 49 95 
56 37 103 8 68 108 87 106 31 43 
56 37 31 43 
110 79 57 113 112 83 120 48 73 37 
110 79 73 37 
9 33 124 3 49 125 41 13 25 47 
9 33 25 47 
37 21 2 67 34 9 81 126 44 97 
37 21 44 97 
69 31 93 58 80 35 114 89 26 29 
69 31 26 29 
69 18 116 77 0 1 5 21 125 124 
69 18 125 124 
49 73 50 0 99 119 124 94 15 18 
49 73 15 18 
50 79 79 99 10 66 16 63 120 94 
50 79 120 94 
17 25 88 7 55 16 120 21 103 123 
17 25 103 123 
26 110 53 69 57 9 31 78 102 13 
26 110 102 13 
57 115 20 33 127 121 1 22 90 48 
57 115 90 48 
111 50 79 46 86 4 106 90 44 108 
111 50 44 108 
22 3 94 10 87 17 13 124 16 88 
22 3 16 88 
77 79 10 110 75 113 70 52 67 120 
77 79 67 120 
76 48 62 112 11 25 8 90 106 81 
76 48 106 81 
105 115 2 115 28 3 104 103 4 18 
105 115 4 18 
101 32 65 115 1 79 94 125 4 32 
101 32 4 32 
5 113 64 0 4 18 59 61 124 36 
5 113 124 36 
74 53 86 77 20 100 18 120 111 45 
74 53 111 45 
62 31 116 126 77 70 45 125 95 52 
62 31 95 52 
45 97 12 8 27 59 25 43 81 47 
45 97 81 47 
71 3 106 19 64 56 67 112 13 27 
71 3 13 27 
106 112 107 0 17 30 35 40 33 91 
106 112 33 91 
43 43 0 19 102 74 85 56 51 72 
43 43 51 72 
83 59 123 123 119 107 118 100 3 51 
83 59 3 51 
93 25 88 3 109 35 79 105 119 110 
93 25 119 110 
67 32 43 87 55 73 105 85 84 40 
67 32 84 40 
0 2 82 110 91 91 13 36 92 109 
0 2 92 109 
34 109 106 70 73 107 117 57 17 99 
34 109 17 99 
18 16 60 72 107 127 50 105 106 1 
18 16 106 1 
16 68 23 41 26 30 57 103 114 58 
16 68 114 58 
3 101 127 21 47 45 4 34 33 71 
3 101 33 71 
41 6 112 59 103 120 49 87 54 64 
41 6 54 64 
89 36 114 42 84 106 124 63 122 26 
89 36 122 26 
5 54 40 11 6 28 92 96 100 60 
5 54 100 60 
68 2 58 106 127 6 107 36 115 117 
68 2 115 117 
15 12 31 20 79 26 21 85 82 116 
15 12 82 116 
101 69 94 66 98 68 40 47 10 48 
101 69 10 48 
110 94 115 61 79 109 1 112 112 0 
110 94 112 0 
4 106 62 34 118 20 52 80 25 11 
4 106 25 11 
52 15 104 42 58 95 87 89 90 84 
52 15 90 84 
16 108 108 91 66 109 42 34 44 92 
16 108 44 92 
113 114 124 110 79 107 7 37 42 47 
113 114 42 47 
96 74 110 12 41 72 55 12 120 8 
96 74 120 8 
3 113 87 25 38 104 34 68 111 117 
3 113 111 117 
32 20 29 53 74 94 8 49 111 51 
32 20 111 51 
47 12 112 33 17 52 101 50 120 96 
47 12 120 96 
60 9 21 39 9 9 83 71 110 91 
60 9 110 91 
87 106 101 115 41 82 39 67 78 34 
87 106 78 34 
32 70 26 91 28 8 64 27 54 69 
32 70 54 69 
48 19 23 44 80 51 40 125 21 63 
48 19 21 63 
82 41 125 38 47 95 63 60 113 81 
82 41 113 81 
82 85 105 62 64 46 80 94 91 94 
82 85 91 94 
87 111 72 33 125 106 51 12 112 101 
87 111 112 101 
80 97 127 112 67 113 13 32 39 81 
80 97 39 81 
115 95 92 58 11 76 24 65 46 45 
115 95 46 45 
110 114 113 101 112 104 10 3 2 14 
110 114 2 14 
58 11 105 10 12 16 21 125 112 86 
58 11 112 86 
54 9 67 86 78 6 11 10 18 95 
54 9 18 95 
123 82 15 41 108 70 29 20 111 80 
123 82 111 80 
78 60 74 44 60 93 102 116 88 114 
78 60 88 114 
106 59 16 73 65 29 38 85 108 109 
106 59 108 109 
67 88 8 70 81 65 4 54 69 2 
67 88 69 2 
127 82 88 49 125 43 103 43 60 58 
127 82 60 58 
103 55 124 47 122 65 56 69 71 127 
103 55 71 127 
103 12 125 121 34 44 45 83 27 109 
103 12 27 109 
86 75 119 84 91 96 34 32 76 89 
86 75 76 89 
41 48 29 37 77 70 29 102 12 107 
41 48 12 107 
12 63 2 3 18 120 103 44 120 74 
12 63 120 74 
97 21 11 47 126 65 2 41 71 7 
97 21 71 7 
90 24 46 83 44 10 13 118 77 75 
90 24 77 75 
37 87 116 102 97 87 121 91 27 82 
37 87 27 82 
120 108 92 75 92 37 94 93 22 69 
120 108 22 69 
23 61 49 6 84 38 98 25 29 127 
23 61 29 127 
53 38 76 106 124 85 108 60 56 47 
53 38 56 47 
0 82 97 38 82 5 102 93 75 119 
0 82 75 119 
32 64 56 75 39 26 43 75 41 97 
32 64 41 97 
125 41 80 101 102 27 125 74 97 72 
125 41 97 72 
1 56 90 95 8 107 35 44 23 117 
1 56 23 117 
39 36 43 57 104 109 8 74 13 34 
39 36 13 34 
57 58 32 44 92 37 104 110 23 51 
57 58 23 51 
44 62 102 38 125 43 62 90 18 88 
44 62 18 88 
41 8 32 91 119 104 10 87 18 120 
41 8 18 120 
103 96 86 94 46 96 75 65 13 59 
103 96 13 59 
37 101 61 28 28 84 77 34 107 20 
37 101 107 20 
56 31 106 32 85 13 68 57 64 35 
56 31 64 35 
124 69 8 74 48 72 86 68 89 44 
124 69 89 44 
22 115 98 103 5 5 73 31 3 110 
22 115 3 110 
63 45 31 74 86 62 21 118 35 21 
63 45 35 21 
21 72 113 120 54 101 42 12 102 125 
21 72 102 125 
46 97 17 70 46 125 83 121 100 54 
46 97 100 54 
115 68 14 88 65 45 44 113 119 22 
115 68 119 22 
10 108 3 117 29 10 107 79 83 49 
10 108 83 49 
13 23 125 125 118 118 28 90 115 106 
13 23 115 106 
49 116 7 72 16 107 47 51 73 93 
49 116 73 93 
53 1 108 121 103 53 49 93 3 11 
53 1 3 11 
8 45 8 98 101 80 96 67 20 24 
8 45 20 24 
63 46 4 13 113 63 54 55 21 97 
63 46 21 97 
73 39 90 118 106 25 10 74 124 17 
73 39 124 17 
104 20 43 14 126 122 121 111 56 37 
104 20 56 37 
10 42 69 119 4 64 34 120 95 22 
10 42 95 22 
124 105 9 8 7 42 69 49 119 116 
124 105 119 116 
64 103 71 14 105 13 66 108 124 84 
64 103 124 84 
23 0 95 20 16 65 96 53 44 11 
23 0 44 11 
95 69 74 8 15 58 86 112 108 77 
95 69 108 77 
104 69 56 60 1 99 81 121 6 101 
104 69 6 101 
16 60 1 18 64 99 41 127 19 82 
16 60 19 82 
56 57 24 26 21 9 51 95 46 48 
56 57 46 48 
44 103 48 125 4 0 69 94 101 112 
44 103 101 112 
33 92 10 31 98 31 117 31 83 16 
33 92 83 16 
51 46 116 102 96 28 94 108 35 80 
51 46 35 80 
74 17 105 32 75 29 122 81 7 32 
74 17 7 32 
78 86 119 85 18 82 112 73 6 12 
78 86 6 12 
111 37 55 5 48 2 40 104 48 79 
111 37 48 79 
93 73 120 47 78 117 109 60 124 127 
93 73 124 127 
29 127 85 112 97 13 114 108 17 54 
29 127 17 54 
74 76 59 69 41 68 98 125 115 99 
74 76 115 99 
127 40 107 113 65 36 69 71 38 119 
127 40 38 119 
97 41 91 85 49 95 0 41 111 5 
97 41 111 5 
21 126 109 87 124 49 71 114 1 23 
21 126 1 23 
96 70 123 82 31 126 77 6 108 53 
96 70 108 53 
38 113 64 21 96 97 79 4 69 98 
38 113 69 98 
49 110 28 93 102 84 9 18 93 95 
49 110 93 95 
12 4 102 116 30 98 4 64 31 7 
12 4 31 7 
98 100 5 50 7 22 71 91 60 31 
98 100 60 31 
98 121 51 90 55 66 62 56 37 40 
98 121 37 40 
43 110 51 5 92 41 80 85 49 34 
43 110 49 34 
77 116 28 23 88 10 16 98 30 100 
77 116 30 100 
97 47 125 93 69 105 72 40 65 63 
97 47 65 63 
87 7 96 122 88 98 51 55 85 37 
87 7 85 37 
51 11 77 125 10 121 83 87 27 55 
51 11 27 55 
109 90 86 100 95 15 51 23 53 54 
109 90 53 54 
6 29 86 93 32 71 123 3 126 17 
6 29 126 17 
14 12 56 57 64 56 28 7 5 22 
14 12 5 22 
101 66 115 41 40 11 51 51 31 61 
101 66 31 61 
20 99 81 9 20 65 100 15 53 104 
20 99 53 104 
22 37 111 83 113 90 44 26 72 110 
22 37 72 110 
40 1 62 109 113 25 11 50 99 65 
40 1 99 65 
6 0 94 99 9 95 37 31 81 63 
6 0 81 63 
65 37 7 67 105 10 12 104 97 97 
65 37 97 97 
3 55 61 42 9 54 12 16 119 75 
3 55 119 75 
125 56 77 121 104 9 44 87 108 89 
125 56 108 89 
19 7 80 125 91 110 103 15 47 27 
19 7 47 27 
88 4 117 87 84 42 2 59 12 37 
88 4 12 37 
50 12 122 104 121 45 32 46 46 8 
50 12 46 8 
44 123 110 36 48 49 21 52 118 57 
44 123 118 57 
27 87 119 53 127 13 30 83 89 115 
27 87 89 115 
0 81 54 21 21 77 59 124 30 62 
0 81 30 62 
116 60 53 127 15 56 2 59 119 64 
116 60 119 64 
119 29 13 40 19 89 18 119 28 21 
119 29 28 21 
118 4 11 103 93 97 75 69 116 119 
118 4 116 119 
2 6 91 11 106 34 111 20 109 82 
2 6 109 82 
13 4 22 84 65 5 90 122 81 105 
13 4 81 105 
123 60 77 108 29 113 11 68 106 2 
123 60 106 2 
41 88 15 100 58 127 0 108 86 18 
41 88 86 18 
47 47 3 105 88 93 119 78 79 97 
47 47 79 97 
13 51 76 98 92 58 80 72 107 48 
13 51 107 48 
99 89 91 8 118 13 116 93 93 114 
99 89 93 114 
37 56 23 69 58 126 30 8 79 20 
37 56 79 20 
70 14 93 107 48 69 5 48 64 101 
70 14 64 101 
125 35 72 7 65 76 83 14 100 7 
125 35 100 7 
27 1 40 48 107 9 5 10 109 107 
27 1 109 107 
35 47 92 115 89 96 56 82 115 18 
35 47 115 18 
38 38 70 50 32 27 124 89 106 30 
38 38 106 30 
64 23 48 66 60 77 9 121 116 71 
64 23 116 71 
62 76 42 103 103 11 51 14 59 60 
62 76 59 60 
124 28 126 17 100 65 59 110 115 57 
124 28 115 57 
70 32 86 108 115 91 9 76 33 21 
70 32 33 21 
61 66 24 60 40 64 106 64 125 35 
61 66 125 35 
70 64 90 101 96 92 92 5 105 31 
70 64 105 31 
125 54 36 21 52 4 120 116 38 16 
125 54 38 16 
103 1 10 92 118 98 87 127 73 43 
103 1 73 43 
69 85 76 45 110 56 12 14 78 55 
69 85 78 55 
70 112 70 80 87 43 40 99 39 40 
70 112 39 40 
116 107 94 7 84 103 31 65 60 40 
116 107 60 40 
9 90 77 29 66 106 55 20 73 91 
9 90 73 91 
43 80 58 116 108 63 2 93 60 120 
43 80 60 120 
55 1 7 31 83 63 31 25 8 60 
55 1 8 60 
114 78 13 94 106 96 63 3 56 28 
114 78 56 28 
13 97 57 34 58 75 93 110 21 63 
13 97 21 63 
34 3 82 107 89 69 45 105 66 44 
34 3 66 44 
19 108 101 58 76 83 70 117 85 92 
19 108 85 92 
124 123 102 114 57 68 63 76 83 33 
124 123 83 33 
50 115 80 99 36 29 45 16 65 51 
50 115 65 51 
49 78 20 91 37 121 46 108 37 56 
49 78 37 56 
0 25 116 97 9 52 110 55 58 65 
0 25 58 65 
26 44 79 20 47 113 36 18 27 55 
26 44 27 55 
112 70 46 2 104 99 57 62 40 23 
112 70 40 23 
126 11 102 114 53 44 55 21 55 22 
126 11 55 22 
20 17 91 45 40 92 56 6 27 66 
20 17 27 66 
76 54 93 18 85 119 82 9 118 22 
76 54 118 22 
117 64 121 110 86 9 2 12 21 17 
117 64 21 17 
115 64 2 98 60 127 50 27 111 28 
115 64 111 28 
15 38 81 119 43 13 114 91 113 75 
15 38 113 75 
67 57 49 33 87 36 86 64 102 57 
67 57 102 57 
25 117 74 70 45 117 91 46 63 51 
25 117 63 51 
109 117 110 76 2 86 39 41 20 85 
109 117 20 85 
15 58 117 92 80 95 26 19 5 83 
15 58 5 83 
118 16 116 66 100 14 42 97 119 16 
118 16 119 16 
115 45 52 40 22 68 75 18 124 85 
115 45 124 85 
20 107 20 108 24 68 111 87 56 35 
20 107 56 35 
85 50 113 57 18 89 22 110 106 109 
85 50 106 109 
69 107 59 34 84 64 98 99 79 103 
69 107 79 103 
73 11 89 65 38 43 34 52 41 34 
73 11 41 34 
109 2 27 3 92 19 102 43 37 120 
109 2 37 120 
46 50 43 92 99 101 2 24 43 117 
46 50 43 117 
45 80 33 62 12 71 72 59 41 67 
45 80 41 67 
19 114 99 16 42 44 106 33 79 118 
19 114 79 118 
77 96 125 26 51 30 68 46 10 48 
77 96 10 48 
56 39 91 77 110 26 115 93 34 30 
56 39 34 30 
66 26 17 45 38 115 59 74 51 115 
66 26 51 115 
88 25 115 110 94 114 13 55 56 112 
88 25 56 112 
71 69 104 83 106 83 36 126 76 52 
71 69 76 52 
106 15 110 113 70 30 63 109 29 109 
106 15 29 109 
106 45 127 61 20 31 118 83 2 15 
106 45 2 15 
3 27 71 113 113 93 91 32 123 123 
3 27 123 123 
18 44 115 31 120 70 31 39 108 102 
18 44 108 102 
24 113 116 26 7 67 91 0 108 14 
24 113 108 14 
76 26 2 91 38 59 125 4 90 50 
76 26 90 50 
62 103 81 48 84 14 105 76 127 71 
62 103 127 71 
106 14 73 116 9 49 89 21 100 102 
106 14 100 102 
68 13 20 85 66 48 43 28 75 39 
68 13 75 39 
100 45 88 108 118 78 32 104 45 23 
100 45 45 23 
66 117 115 94 39 81 83 125 97 1 
66 117 97 1 
9 96 25 47 126 75 28 62 93 105 
9 96 93 105 
127 23 33 80 116 63 111 17 50 60 
127 23 50 60 
116 46 127 66 96 73 127 65 112 30 
116 46 112 30 
25 57 81 0 97 79 125 43 13 115 
25 57 13 115 
81 55 34 12 81 86 36 85 109 24 
81 55 109 24 
36 15 101 114 66 3 11 115 50 30 
36 15 50 30 
47 44 116 0 102 71 82 8 14 35 
47 44 14 35 
43 43 14 34 116 6 94 104 98 11 
43 43 98 11 
14 22 94 50 42 78 17 47 57 91 
14 22 57 91 
103 1 57 93 49 68 32 65 5 20 
103 1 5 20 
41 59 95 79 11 88 6 70 90 87 
41 59 90 87 
31 84 31 40 122 28 70 52 35 49 
31 84 35 49 
20 92 9 25 10 114 102 4 127 57 
20 92 127 57 
95 81 11 110 84 77 39 127 26 74 
95 81 26 74 
123 98 59 42 84 49 35 21 116 68 
123 98 116 68 
44 82 45 61 7 81 86 0 64 76 
44 82 64 76 
66 122 23 95 34 70 8 14 73 61 
66 122 73 61 
70 60 101 46 77 93 71 63 113 86 
70 60 113 86 
20 56 18 76 6 3 81 91 80 127 
20 56 80 127 
115 84 97 98 7 20 79 25 102 75 
115 84 102 75 
113 124 61 99 61 102 27 4 69 35 
113 124 69 35 
48 94 19 21 47 29 66 25 37 3 
48 94 37 3 
89 38 83 62 62 104 115 15 77 68 
89 38 77 68 
104 50 110 47 10 69 22 44 123 114 
104 50 123 114 
33 9 21 117 27 67 49 41 79 28 
33 9 79 28 
48 31 31 60 88 89 36 71 5 105 
48 31 5 105 
76 51 43 4 30 25 43 118 4 68 
76 51 4 68 
65 54 127 27 122 121 70 112 0 24 
65 54 0 24 
13 37 74 53 119 14 64 84 71 51 
13 37 71 51 
125 92 93 52 64 111 41 39 112 116 
125 92 112 116 
61 0 92 120 24 100 117 1 89 100 
61 0 89 100 
18 67 27 112 57 97 116 43 118 111 
18 67 118 111 
103 2 36 29 44 43 98 102 15 31 
103 2 15 31 
6 49 0 94 15 22 37 85 77 109 
6 49 77 109 
100 54 108 31 93 11 2 81 74 93 
100 54 74 93 
82 25 60 35 47 45 78 119 35 18 
82 25 35 18 
93 70 70 26 75 117 85 37 49 95 
93 70 49 95 
14 48 63 111 26 16 101 83 124 108 
14 48 124 108 
29 54 64 28 16 88 75 12 123 120 
29 54 123 120 
40 40 15 111 28 42 57 110 59 37 
40 40 59 37 
43 122 18 117 84 55 59 123 17 121 
43 122 17 121 
111 106 109 95 1 55 116 0 61 107 
111 106 61 107 
111 0 25 43 111 88 39 70 86 26 
111 0 86 26 
46 105 109 13 58 49 75 38 67 2 
46 105 67 2 
99 101 49 105 4 84 40 10 11 58 
99 101 11 58 
112 37 70 41 100 115 73 7 123 6 
112 37 123 6 
116 55 116 59 106 96 39 125 43 77 
116 55 43 77 
74 121 13 59 89 32 102 17 28 47 
74 121 28 47 
109 46 49 28 15 80 115 30 124 28 
109 46 124 28 
34 90 99 26 65 46 50 116 26 123 
34 90 26 123 
66 98 114 17 24 118 73 4 83 79 
66 98 83 79 
23 24 106 127 27 20 5 39 74 79 
23 24 74 79 
104 15 88 31 28 105 26 117 42 24 
104 15 42 24 
91 12 108 57 119 113 54 89 70 62 
91 12 70 62 
16 109 14 71 124 115 79 95 56 122 
16 109 56 122 
59 39 71 73 118 0 107 73 61 27 
59 39 61 27 
45 63 79 11 32 113 90 80 48 95 
45 63 48 95 
37 30 37 12 27 92 95 73 43 87 
37 30 43 87 
94 100 4 34 71 109 91 36 52 120 
94 100 52 120 
45 114 22 111 71 57 61 121 2 123 
45 114 2 123 
89 64 103 22 18 0 35 60 49 103 
89 64 49 103 
108 113 119 53 123 68 83 6 119 108 
108 113 119 108 
30 22 103 74 111 126 120 127 110 38 
30 22 110 38 
94 13 36 113 45 28 85 71 100 94 
94 13 100 94 
96 125 3 91 19 86 99 59 91 9 
96 125 91 9 
77 83 39 51 110 27 73 4 4 47 
77 83 4 47 
27 74 91 27 26 47 101 108 114 45 
27 74 114 45 
22 77 10 88 16 57 29 113 36 76 
22 77 36 76 
93 68 63 85 92 38 9 10 19 28 
93 68 19 28 
50 88 108 97 31 72 45 81 63 22 
50 88 63 22 
91 52 101 87 62 98 17 26 113 93 
91 52 113 93 
38 90 119 87 84 43 76 66 29 67 
38 90 29 67 
33 66 72 44 117 93 42 127 110 89 
33 66 110 89 
117 68 101 64 31 1 32 29 36 49 
117 68 36 49 
89 49 16 104 102 20 13 126 77 2 
89 49 77 2 
25 58 99 118 16 120 105 98 62 82 
25 58 62 82 
38 14 124 99 11 126 47 91 87 49 
38 14 87 49 
114 47 119 72 85 69 104 85 2 92 
114 47 2 92 
111 66 115 97 86 8 31 83 3 45 
111 66 3 45 
77 31 115 122 39 56 112 22 28 36 
77 31 28 36 
125 103 65 66 0 46 114 39 90 61 
125 103 90 61 
57 44 56 33 126 86 48 116 4 24 
57 44 4 24 
11 102 30 79 24 50 0 46 43 64 
11 102 43 64 
90 81 72 81 33 99 14 30 111 98 
90 81 111 98 
126 103 28 117 49 2 27 4 77 116 
126 103 77 116 
99 64 80 45 23 46 25 109 13 115 
99 64 13 115 
104 91 85 77 64 49 98 22 56 119 
104 91 56 119 
53 20 0 51 54 60 89 125 10 127 
53 20 10 127 
84 57 87 53 63 18 24 36 31 57 
84 57 31 57 
79 13 32 82 0 82 90 111 93 4 
79 13 93 4 
52 112 86 19 40 45 32 118 19 36 
52 112 19 36 
113 100 39 99 43 8 67 9 60 69 
113 100 60 69 
44 18 17 109 112 70 76 66 44 8 
44 18 44 8 
112 44 35 82 54 108 30 95 43 123 
112 44 43 123 
36 18 51 62 67 117 11 52 41 85 
36 18 41 85 
79 26 46 123 116 106 125 63 108 86 
79 26 108 86 
60 101 105 114 89 101 75 99 62 90 
60 101 62 90 
82 6 62 96 89 26 80 63 10 39 
82 6 10 39 
40 127 117 5 83 2 22 76 35 66 
40 127 35 66 
94 56 88 78 89 107 4 25 86 54 
94 56 86 54 
116 39 21 117 33 72 61 75 19 22 
116 39 19 22 
46 20 8 95 85 112 22 43 77 80 
46 20 77 80 
63 114 31 75 67 75 32 14 47 66 
63 114 47 66 
16 16 56 60 91 84 35 47 47 95 
16 16 47 95 
99 46 47 29 114 17 25 64 66 31 
99 46 66 31 
73 87 80 77 73 118 8 89 118 3 
73 87 118 3 
27 69 30 91 99 82 60 74 41 110 
27 69 41 110 
85 33 49 97 1 117 83 72 80 73 
85 33 80 73 
59 112 9 49 70 40 102 64 99 73 
59 112 99 73 
5 8 94 25 108 53 64 87 125 82 
5 8 125 82 
66 121 93 125 113 78 127 119 90 19 
66 121 90 19 
113 47 49 10 39 39 117 25 124 38 
113 47 124 38 
83 19 49 21 92 63 1 59 72 47 
83 19 72 47 
2 45 58 29 68 70 46 39 115 36 
2 45 115 36 
9 30 65 39 10 27 50 30 119 84 
9 30 119 84 
13 100 115 11 1 25 49 81 33 54 
13 100 33 54 
15 69 96 24 92 65 46 55 76 65 
15 69 76 65 
27 120 35 118 77 89 75 75 67 58 
27 120 67 58 
58 30 38 115 20 96 36 102 24 34 
58 30 24 34 
111 93 92 69 111 19 121 82 99 53 
111 93 99 53 
27 74 119 6 80 75 29 100 54 114 
27 74 54 114 
4 93 106 40 117 3 96 62 45 37 
4 93 45 37 
52 62 20 7 120 117 29 96 69 26 
52 62 69 26 
96 87 13 71 63 42 30 42 63 27 
96 87 63 27 
21 42 5 68 13 119 97 117 98 88 
21 42 98 88 
99 15 76 67 4 122 41 82 91 101 
99 15 91 101 
88 35 89 6 7 93 55 9 61 84 
88 35 61 84 
7 106 56 55 77 98 3 109 7 117 
7 106 7 117 
62 94 5 70 67 77 68 72 28 18 
62 94 28 18 
99 83 75 34 77 106 52 124 99 103 
99 83 99 103 
47 2 63 41 115 99 61 18 118 41 
47 2 118 41 
85 26 8 111 100 108 83 125 27 36 
85 26 27 36 
83 114 56 111 57 97 22 22 9 61 
83 114 9 61 
46 92 115 38 11 119 29 67 88 30 
46 92 88 30 
46 121 127 22 41 11 36 75 98 99 
46 121 98 99 
60 78 13 75 33 30 24 36 90 29 
60 78 90 29 
2 52 73 14 49 72 49 100 11 106 
2 52 11 106 
61 32 34 83 112 100 44 64 126 58 
61 32 126 58 
74 29 75 46 25 75 38 26 121 10 
74 29 121 10 
38 83 70 58 108 4 60 57 69 100 
38 83 69 100 
14 39 68 102 127 79 46 63 64 32 
14 39 64 32 
118 37 107 50 97 19 26 21 80 125 
118 37 80 125 
68 87 39 66 32 78 7 111 0 27 
68 87 0 27 
74 60 57 82 96 55 29 80 53 101 
74 60 53 101 
86 72 91 5 56 29 100 26 32 98 
86 72 32 98 
126 15 76 102 100 108 100 26 78 25 
126 15 78 25 
30 56 9 30 2 41 61 94 26 90 
30 56 26 90 
29 66 127 127 59 120 59 81 40 77 
29 66 40 77 
42 49 66 45 14 38 78 127 72 43 
42 49 72 43 
113 98 46 62 30 28 26 121 71 6 
113 98 71 6 
72 88 106 99 107 116 97 116 8 124 
72 88 8 124 
30 41 53 81 73 66 73 75 91 41 
30 41 91 41 
123 5 111 68 12 98 68 67 19 73 
123 5 19 73 
120 87 85 108 111 41 42 86 112 26 
120 87 112 26 
59 23 120 20 122 28 125 94 74 105 
59 23 74 105 
61 114 52 17 8 88 125 110 50 35 
61 114 50 35 
54 40 62 107 53 21 91 94 31 58 
54 40 31 58 
103 113 16 92 77 108 49 101 43 123 
103 113 43 123 
100 21 95 7 7 106 94 25 96 76 
100 21 96 76 
41 68 9 98 74 108 0 30 0 2 
41 68 0 2 
90 55 16 94 38 80 36 58 11 121 
90 55 11 121 
85 31 93 94 50 84 95 25 63 113 
85 31 63 113 
103 84 9 82 5 62 19 125 9 15 
103 84 9 15 
6 106 84 102 45 127 41 104 107 122 
6 106 107 122 
117 63 31 95 54 72 21 9 88 12 
117 63 88 12 
8 112 106 56 4 116 86 69 113 114 
8 112 113 114 
68 117 67 79 30 103 97 2 96 46 
68 117 96 46 
47 68 16 104 83 76 117 1 125 76 
47 68 125 76 
67 12 50 69 105 18 55 96 106 56 
67 12 106 56 
49 68 12 127 78 118 35 95 126 31 
49 68 126 31 
96 105 77 84 17 41 60 46 95 16 
96 105 95 16 
126 18 65 64 118 117 125 80 5 114 
126 18 5 114 
60 23 16 32 112 112 100 85 0 53 
60 23 0 53 
49 10 49 32 118 116 121 121 116 102 
49 10 116 102 
107 27 45 6 38 58 121 35 92 38 
107 27 92 38 
94 116 116 41 17 9 64 69 25 126 
94 116 25 126 
40 24 14 70 30 57 47 45 26 61 
40 24 26 61 
76 97 127 82 113 118 36 85 14 68 
76 97 14 68 
118 25 119 38 22 126 15 10 82 107 
118 25 82 107 
102 102 46 34 70 117 114 93 71 41 
102 102 71 41 
119 123 70 58 11 56 86 76 69 87 
119 123 69 87 
81 77 66 73 11 57 25 122 122 106 
81 77 122 106 
3 105 12 62 67 41 43 53 116 71 
3 105 116 71 
102 105 40 100 79 111 33 113 41 105 
102 105 41 105 
83 125 74 40 46 102 8 46 44 116 
83 125 44 116 
124 81 47 41 90 113 12 59 6 41 
124 81 6 41 
104 87 51 54 11 15 12 72 118 10 
104 87 118 10 
63 114 111 113 52 115 74 80 23 121 
63 114 23 121 
100 21 64 90 111 100 70 25 41 60 
100 21 41 60 
41 112 63 75 117 68 76 35 71 98 
41 112 71 98 
1 17 94 108 107 88 19 105 102 47 
1 17 102 47 
84 88 83 103 21 49 122 103 104 26 
84 88 104 26 
24 60 23 49 64 91 5 86 40 103 
24 60 40 103 
7 87 78 45 64 27 92 70 85 14 
7 87 85 14 
117 78 70 13 120 31 61 56 82 23 
117 78 82 23 
8 92 57 29 33 17 14 63 82 28 
8 92 82 28 
73 113 16 68 54 36 25 73 43 13 
73 113 43 13 
77 34 33 87 105 38 32 65 121 31 
77 34 121 31 
112 111 1 49 33 99 11 9 75 116 
112 111 75 116 
38 66 82 22 32 75 18 51 48 111 
38 66 48 111 
82 30 30 11 110 5 54 79 98 89 
82 30 98 89 
69 16 99 39 112 7 21 40 76 32 
69 16 76 32 
54 46 15 11 30 112 74 7 98 71 
54 46 98 71 
114 11 71 53 62 3 91 66 27 7 
114 11 27 7 
121 55 1 61 4 66 65 107 21 45 
121 55 21 45 
64 81 27 59 9 72 113 109 8 106 
64 81 8 106 
28 96 53 43 56 94 75 0 113 89 
28 96 113 89 
64 38 101 0 64 59 49 77 78 122 
64 38 78 122 
32 116 74 42 34 8 82 76 123 69 
32 116 123 69 
19 84 39 126 76 48 6 42 107 97 
19 84 107 97 
41 99 120 69 47 89 124 80 28 99 
41 99 28 99 
100 125 2 79 69 77 64 41 61 13 
100 125 61 13 
127 79 66 93 119 6 49 72 5 28 
127 79 5 28 
33 31 18 99 70 41 53 57 24 13 
33 31 24 13 
94 54 63 42 17 27 74 62 7 111 
94 54 7 111 
13 113 109 21 30 103 38 74 126 125 
13 113 126 125 
10 87 68 21 5 38 83 36 115 93 
10 87 115 93 
42 80 86 105 123 61 103 4 61 0 
42 80 61 0 
59 9 117 39 120 93 17 43 88 68 
59 9 88 68 
22 103 93 118 61 90 8 52 90 103 
22 103 90 103 
34 119 118 112 126 81 107 25 101 105 
34 119 101 105 
51 80 77 56 116 22 106 92 41 2 
51 80 41 2 
77 102 122 7 41 90 121 61 84 123 
77 102 84 123 
83 5 28 106 39 103 65 80 35 14 
83 5 35 14 
33 111 113 91 37 30 10 79 54 90 
33 111 54 90 
46 8 111 40 43 78 104 100 12 11 
46 8 12 11 
85 15 3 17 65 104 78 33 95 27 
85 15 95 27 
20 64 19 38 108 102 51 60 19 32 
20 64 19 32 
60 127 45 77 99 41 75 89 41 98 
60 127 41 98 
70 33 91 29 35 90 48 79 62 5 
70 33 62 5 
77 110 5 118 61 24 89 110 77 102 
77 110 77 102 
9 81 11 45 59 120 15 84 88 93 
9 81 88 93 
44 70 72 36 112 46 59 27 119 78 
44 70 119 78 
71 121 80 107 114 40 3 126 93 49 
71 121 93 49 
66 93 25 56 35 21 31 81 87 36 
66 93 87 36 
31 5 37 48 102 104 20 94 12 49 
31 5 12 49 
1 53 12 12 41 118 19 45 59 68 
1 53 59 68 
64 2 53 99 15 71 79 34 55 45 
64 2 55 45 
95 85 119 113 22 76 121 25 26 101 
95 85 26 101 
42 33 110 10 15 37 19 113 114 32 
42 33 114 32 
37 127 22 32 99 35 74 109 70 94 
37 127 70 94 
38 56 56 46 106 47 6 42 22 69 
38 56 22 69 
88 39 54 98 93 45 94 54 2 125 
88 39 2 125 
30 53 35 29 11 54 16 51 4 34 
30 53 4 34 
22 12 4 125 26 86 5 68 6 73 
22 12 6 73 
73 113 81 36 127 51 0 69 68 93 
73 113 68 93 
70 97 41 25 75 98 102 44 38 9 
70 97 38 9 
104 102 68 74 57 103 57 89 121 31 
104 102 121 31 
8 24 64 116 12 112 37 4 92 4 
8 24 92 4 
45 22 4 15 125 37 7 80 63 4 
45 22 63 4 
59 7 74 69 92 10 125 79 106 33 
59 7 106 33 
52 32 17 106 35 22 14 67 38 65 
52 32 38 65 
95 101 57 79 114 117 8 69 46 118 
95 101 46 118 
18 109 14 3 16 62 110 87 79 115 
18 109 79 115 
95 20 86 120 19 67 68 101 29 92 
95 20 29 92 
71 102 13 21 84 52 76 27 121 25 
71 102 121 25 
97 83 95 14 103 43 15 1 127 5 
97 83 127 5 
123 57 18 8 109 126 29 111 12 116 
123 57 12 116 
44 82 49 53 113 48 32 58 61 52 
44 82 61 52 
110 82 104 35 81 4 31 15 20 23 
110 82 20 23 
34 9 25 39 109 33 27 25 62 126 
34 9 62 126 
92 47 20 114 67 37 65 9 125 54 
92 47 125 54 
28 72 68 56 76 57 96 89 95 48 
28 72 95 48 
103 57 75 0 113 0 105 76 63 15 
103 57 63 15 
88 43 32 40 119 25 104 13 79 42 
88 43 79 42 
14 112 41 17 47 56 46 24 93 127 
14 112 93 127 
111 104 40 6 86 72 80 50 20 113 
111 104 20 113 
110 26 59 16 27 53 91 0 73 9 
110 26 73 9 
47 21 0 48 62 105 94 82 47 47 
47 21 47 47 
127 4 85 94 103 75 53 115 123 8 
127 4 123 8 
119 84 69 8 62 14 36 79 124 42 
119 84 124 42 
123 58 116 12 67 3 76 52 91 98 
123 58 91 98 
5 48 61 112 81 76 54 63 121 34 
5 48 121 34 
90 115 55 87 96 114 3 50 39 120 
90 115 39 120 
11 45 1 75 86 2 117 93 118 102 
11 45 118 102 
20 5 113 101 25 125 20 64 34 44 
20 5 34 44 
52 70 106 110 60 109 18 110 107 99 
52 70 107 99 
109 107 35 124 50 18 69 92 90 88 
109 107 90 88 
115 47 98 3 27 49 30 25 66 123 
115 47 66 123 
126 40 16 46 62 50 78 75 103 92 
126 40 103 92 
70 66 20 76 113 6 64 62 117 60 
70 66 117 60 
67 24 84 16 76 86 8 42 64 15 
67 24 64 15 
99 110 112 93 7 33 78 56 40 59 
99 110 40 59 
45 39 44 29 112 99 13 15 95 24 
45 39 95 24 
117 24 24 19 126 49 6 60 39 85 
117 24 39 85 
119 114 11 25 83 35 86 75 20 68 
119 114 20 68 
44 11 105 113 35 87 22 113 104 82 
44 11 104 82 
18 63 79 12 68 109 111 13 92 70 
18 63 92 70 
80 98 123 58 21 76 8 76 92 34 
80 98 92 34 
20 48 46 59 104 120 122 84 12 59 
20 48 12 59 
83 39 74 111 104 91 97 72 20 80 
83 39 20 80 
26 63 31 56 39 59 107 91 76 46 
26 63 76 46 
75 99 29 60 59 83 102 70 81 127 
75 99 81 127 
60 65 53 105 78 24 40 97 37 99 
60 65 37 99 
106 33 30 35 120 95 52 92 110 69 
106 33 110 69 
53 122 38 107 89 81 52 2 93 108 
53 122 93 108 
77 14 113 102 86 86 94 79 91 39 
77 14 91 39 
12 127 52 92 108 38 96 15 98 91 
12 127 98 91 
87 108 14 95 90 28 2 69 88 25 
87 108 88 25 
86 98 66 0 104 18 50 51 7 126 
86 98 7 126 
13 55 60 27 58 5 38 75 22 61 
13 55 22 61 
88 10 32 13 105 112 20 75 99 68 
88 10 99 68 
116 47 51 35 78 42 10 49 6 45 
116 47 6 45 
78 97 48 60 102 55 77 119 21 109 
78 97 21 109 
108 65 40 19 120 78 39 120 14 14 
108 65 14 14 
62 20 92 81 15 125 94 78 121 90 
62 20 121 90 
119 117 84 92 39 78 12 114 45 70 
119 117 45 70 
122 114 51 111 92 33 54 66 76 113 
122 114 76 113 
8 55 114 113 40 109 31 97 12 52 
8 55 12 52 
64 57 39 7 31 121 1 119 33 23 
64 57 33 23 
105 21 9 127 122 43 94 56 64 35 
105 21 64 35 
54 67 16 111 52 75 2 91 35 127 
54 67 35 127 
51 120 13 115 32 68 93 70 109 8 
51 120 109 8 
28 91 47 102 86 29 115 56 59 82 
28 91 59 82 
112 63 118 42 117 35 116 63 16 69 
112 63 16 69 
118 13 48 79 6 106 74 0 107 9 
118 13 107 9 
12 21 92 100 100 8 111 127 32 44 
12 21 32 44 
46 19 111 10 65 68 86 96 71 42 
46 19 71 42 
109 19 15 124 118 95 72 59 25 42 
109 19 25 42 
103 126 9 116 78 34 57 5 13 88 
103 126 13 88 
63 41 100 79 92 127 18 107 56 21 
63 41 56 21 
45 8 16 103 60 109 100 52 126 24 
45 8 126 24 
112 66 2 53 40 110 19 92 90 121 
112 66 90 121 
49 79 61 32 80 15 51 125 0 76 
49 79 0 76 
97 9 28 56 112 30 72 48 90 86 
97 9 90 86 
122 97 40 113 111 38 7 105 12 88 
122 97 12 88 
81 16 2 70 111 93 11 52 119 86 
81 16 119 86 
6 77 99 123 102 2 102 62 23 49 
6 77 23 49 
36 36 115 60 4 80 93 34 58 119 
36 36 58 119 
42 86 36 89 25 8 96 55 112 112 
42 86 112 112 
5 30 55 10 29 70 75 3 119 124 
5 30 119 124 
9 73 64 94 1 27 42 80 44 46 
9 73 44 46 
53 1 84 126 4 100 117 39 10 64 
53 1 10 64 
2 41 77 56 97 10 65 26 58 60 
2 41 58 60 
75 105 24 37 119 19 3 27 85 108 
75 105 85 108 
109 120 25 98 85 37 116 84 10 71 
109 120 10 71 
3 72 65 121 62 49 80 24 65 81 
3 72 65 81 
3 117 92 108 76 93 125 50 39 23 
3 117 39 23 
107 14 93 48 23 95 100 52 22 100 
107 14 22 100 
78 19 74 122 68 100 124 74 60 4 
78 19 60 4 
41 81 119 6 68 65 51 71 119 66 
41 81 119 66 
42 117 31 36 13 48 112 115 14 114 
42 117 14 114 
115 85 32 122 84 8 94 60 20 89 
115 85 20 89 
62 38 95 104 18 72 50 68 40 67 
62 38 40 67 
7 116 52 113 113 26 63 119 64 57 
7 116 64 57 
113 37 107 53 56 45 91 6 89 108 
113 37 89 108 
56 95 36 31 41 33 126 42 91 70 
56 95 91 70 
67 103 113 37 17 3 21 116 71 39 
67 103 71 39 
104 115 80 65 82 78 28 107 2 88 
104 115 2 88 
39 43 65 14 87 26 2 9 50 93 
39 43 50 93 
119 91 90 10 68 12 28 96 89 25 
119 91 89 25 
6 37 43 16 9 106 70 27 49 83 
6 37 49 83 
52 24 31 75 123 22 51 99 22 116 
52 24 22 116 
25 116 116 56 53 41 92 117 28 46 
25 116 28 46 
9 38 35 106 17 79 56 111 54 16 
9 38 54 16 
11 3 58 75 85 84 113 30 122 67 
11 3 122 67 
104 122 56 63 94 64 37 83 80 101 
104 122 80 101 
44 81 110 69 117 111 12 118 124 38 
44 81 124 38 
70 42 113 47 5 77 45 98 40 17 
70 42 40 17 
35 41 16 8 85 19 97 68 102 125 
35 41 102 125 
114 127 117 56 40 92 98 32 31 116 
114 127 31 116 
35 99 116 90 85 88 17 47 119 27 
35 99 119 27 
32 30 60 34 10 25 76 112 27 18 
32 30 27 18 
90 2 100 119 64 42 117 34 49 108 
90 2 49 108 
124 103 24 42 10 101 100 77 73 1 
124 103 73 1 
72 36 82 6 109 100 73 101 67 21 
72 36 67 21 
22 119 106 39 15 17 97 11 5 94 
22 119 5 94 
95 73 28 62 91 88 50 10 59 9 
95 73 59 9 
15 32 106 13 74 95 104 75 111 118 
15 32 111 118 
69 50 43 69 29 106 105 15 80 44 
69 50 80 44 
76 9 3 72 110 88 14 43 37 34 
76 9 37 34 
9 100 106 123 8 113 74 116 127 5 
9 100 127 5 
33 108 100 26 25 70 67 52 73 35 
33 108 73 35 
97 21 107 116 57 104 83 24 50 37 
97 21 50 37 
67 6 68 122 55 43 56 55 43 15 
67 6 43 15 
94 44 74 75 63 65 29 87 29 84 
94 44 29 84 
41 26 110 1 54 120 7 123 28 9 
41 26 28 9 
118 49 68 84 96 2 50 63 89 4 
118 49 89 4 
108 43 120 42 125 101 77 70 19 85 
108 43 19 85 
17 76 127 47 126 97 111 15 24 31 
17 76 24 31 
48 40 103 11 63 1 7 111 102 29 
48 40 102 29 
51 106 2 21 52 25 60 14 120 79 
51 106 120 79 
71 61 35 57 81 82 82 81 97 63 
71 61 97 63 
49 35 90 95 86 21 22 27 16 33 
49 35 16 33 
124 97 32 84 58 98 111 72 32 121 
124 97 32 121 
63 85 22 75 112 84 30 114 95 77 
63 85 95 77 
61 88 51 6 42 71 119 87 53 69 
61 88 53 69 
13 47 34 6 56 118 12 48 39 106 
13 47 39 106 
37 8 80 116 28 113 73 113 13 64 
37 8 13 64 
77 103 31 124 105 106 106 83 21 12 
77 103 21 12 
124 47 54 98 124 108 44 76 104 18 
124 47 104 18 
7 26 28 124 100 18 65 79 19 89 

38 65 103 48 71 52 86 110 43 28 

10 75 61 43 111 122 18 39 7 97 

74 8 13 19 119 26 112 9 3 7 

13 27 8 75 16 71 109 22 86 9 

13 37 125 3 84 64 126 39 8 34 

1 96 116 118 75 41 87 102 80 52 

125 36 62 96 56 13 49 37 113 94 

34 6 104 61 107 47 65 10 83 83 

9 52 92 50 123 2 70 44 86 62 

26 115 123 80 86 31 78 10 6 103 

24 31 44 59 55 53 88 106 91 123 

45 69 47 87 110 54 121 11 99 77 

61 39 61 22 56 18 113 20 59 23 

25 0 13 99 115 109 99 68 83 29 

96 84 96 77 102 73 80 64 88 34 

101 74 34 46 54 4 65 88 15 127 

46 69 18 19 69 40 9 20 71 107 

123 69 46 123 102 50 97 41 51 48 

53 10 117 28 92 86 61 58 74 39 

1 114 37 57 68 75 51 65 126 105 

89 121 66 102 109 71 29 104 4 49 

36 50 2 33 101 127 64 104 126 100 

19 124 122 38 29 60 120 25 61 23 

16 9 27 74 105 55 97 93 101 98 

82 117 20 91 24 102 26 119 99 126 

92 14 7 55 40 66 85 121 103 13 

56 8 26 65 44 90 36 89 62 77 

49 84 36 29 32 15 10 108 119 86 

113 114 85 105 118 4 65 99 31 104 

67 4 41 35 77 71 17 42 77 6 

15 9 8 118 46 17 107 21 82 32 

41 68 31 27 1 25 51 86 9 66 

12 84 127 41 55 45 48 16 100 39 

118 12 56 60 84 12 35 81 42 118 

33 6 102 9 78 13 9 73 68 42 

93 66 5 102 15 126 17 45 113 123 

13 100 45 92 69 14 15 108 25 50 

112 53 93 110 19 101 55 95 75 35 

98 115 71 123 24 86 20 57 9 33 

98 115 83 61 82 79 34 28 115 75 

22 78 89 55 95 87 50 82 20 92 

104 39 5 66 109 101 108 102 29 39 

80 97 35 29 126 56 60 67 18 76 

96 127 24 36 115 66 27 6 68 78 

122 86 26 66 75 8 109 70 52 100 

66 7 77 5 90 14 21 58 90 61 

4 1 0 60 88 60 121 79 57 60 

17 70 44 85 80 78 64 114 48 118 

73 56 50 84 41 10 55 7 116 37 

65 110 126 81 60 115 1 73 67 111 

10 75 90 18 77 26 47 29 65 25 

63 99 42 80 47 82 10 91 22 93 

107 117 113 105 112 25 21 36 118 58 

124 124 35 32 40 36 25 117 127 23 

60 30 68 18 13 21 45 108 107 43 

21 63 11 3 53 85 108 70 16 34 

34 12 87 126 36 59 66 13 68 58 

122 78 28 89 43 51 62 14 8 127 

0 31 116 127 86 87 42 123 115 52 

119 92 51 91 44 97 11 68 32 1 

38 10 52 115 84 1 100 72 36 7 

52 4 78 127 82 119 25 59 118 86 

11 104 110 107 106 53 32 44 36 67 

33 14 73 89 14 76 0 0 5 36 

3 39 5 29 31 2 64 125 72 28 

0 12 54 123 114 28 27 34 78 120 

109 68 48 33 19 95 87 3 88 123 

37 49 24 120 80 63 5 34 3 67 

17 19 33 3 19 95 43 119 83 1 

52 42 88 40 91 29 51 5 54 123 

46 85 52 74 75 124 108 57 87 58 

25 114 27 115 51 102 120 53 31 67 

78 14 63 67 35 32 83 18 7 88 

24 48 125 3 53 81 53 62 91 76 

110 112 39 45 85 89 44 99 60 54 

78 36 25 55 36 121 116 67 116 15 

29 88 87 13 101 65 6 69 38 26 

110 61 127 61 35 116 68 124 94 48 

126 45 78 45 28 97 8 127 29 29 

46 84 7 87 58 44 102 26 4 108 

122 0 24 56 90 62 68 25 51 50 

72 96 119 95 48 71 86 52 63 50 

14 126 63 86 37 111 66 118 86 106 

99 37 92 22 97 5 6 82 32 123 

12 66 70 122 123 118 84 50 10 31 

43 78 62 70 100 94 20 3 59 54 

112 111 81 99 104 40 46 11 86 66 

84 10 118 81 86 13 10 100 51 61 

78 91 44 16 41 40 115 117 38 124 

44 122 95 37 108 110 54 67 117 6 

10 84 16 65 88 30 94 66 28 77 

73 17 119 55 4 49 36 33 51 119 

63 74 67 85 78 12 3 86 73 82 

51 107 90 98 53 63 118 28 84 56 

108 51 90 0 111 100 21 89 58 76 

99 2 64 74 60 8 32 22 32 15 

42 6 67 39 102 46 89 4 77 28 

55 120 63 89 30 23 109 88 50 102 

25 97 12 1 6 92 24 78 37 118 

46 112 6 65 1 102 11 88 2 72 

94 11 71 100 37 47 10 24 89 60 

85 102 36 28 20 32 92 81 0 52 

16 18 97 113 90 93 109 12 109 72 

35 39 27 13 93 89 73 117 1 52 

84 12 111 25 88 10 93 69 32 52 

107 76 96 35 56 126 83 45 65 15 

95 123 85 108 118 41 93 44 84 105 

43 121 85 80 93 42 49 56 62 37 

102 13 45 16 89 47 20 99 94 78 

21 31 104 54 90 91 18 67 15 108 

8 93 27 70 47 99 76 64 36 31 

68 34 22 84 32 4 72 104 18 47 

98 33 107 81 59 45 55 127 107 83 

44 87 51 118 112 122 70 15 35 123 

44 51 48 50 56 34 79 6 78 72 

17 123 30 85 55 102 8 7 58 104 

54 100 87 53 52 82 91 40 18 48 

88 16 70 127 66 98 95 102 31 14 

51 33 124 121 23 89 87 4 48 83 

91 22 16 71 99 59 66 116 16 114 

17 36 36 51 124 95 72 2 27 90 

2 121 87 120 25 46 8 43 127 60 

39 80 114 120 106 124 11 92 47 106 

96 118 106 90 107 35 38 18 35 19 

118 69 70 100 99 88 82 105 52 1 

2 15 70 87 71 22 124 10 14 17 

7 96 47 4 3 114 117 62 112 87 

68 44 30 113 86 63 16 59 68 98 

86 90 125 115 3 86 90 34 66 59 

2 2 44 66 60 116 46 90 115 32 

54 12 97 96 40 3 24 36 98 113 

27 20 17 55 15 30 45 90 107 109 

51 94 101 7 53 3 6 83 43 99 

0 78 47 106 21 93 23 97 31 119 

18 45 48 19 43 31 3 59 53 13 

42 60 63 34 101 27 100 43 96 103 

126 21 1 87 121 21 54 44 100 90 

112 107 35 6 87 101 54 60 61 8 

107 86 86 127 115 121 98 95 31 13 

41 35 30 21 91 20 32 121 38 127 

65 46 98 75 18 127 98 8 12 70 

92 14 109 46 121 53 106 25 91 119 

30 5 11 94 122 117 114 80 66 90 

108 98 32 23 5 76 85 3 24 22 

51 105 93 21 110 126 75 120 86 33 

69 49 115 127 64 22 19 121 29 4 

57 22 107 119 58 117 87 6 79 87 

73 93 37 90 38 94 103 108 85 9 

118 49 101 21 67 61 50 116 96 115 

71 3 47 22 101 103 124 35 7 66 

67 120 123 25 84 120 92 123 96 53 

34 80 113 68 117 116 127 24 10 103 

66 61 0 42 46 49 42 62 80 41 

86 41 19 101 36 74 28 33 124 27 

0 3 96 69 114 102 91 1 104 55 

123 79 108 73 84 47 55 86 42 115 

17 2 18 56 77 107 65 90 26 51 

56 68 46 116 104 70 108 97 7 69 

57 127 23 31 115 63 0 16 16 109 

72 66 44 73 28 35 121 41 45 56 

80 124 34 44 6 116 107 116 20 38 

82 12 57 41 126 78 28 12 49 89 

20 20 34 97 28 100 35 104 125 7 

111 52 84 19 79 26 90 78 77 125 

25 4 73 61 109 54 15 75 48 117 

55 32 37 123 28 48 95 17 75 114 

116 48 108 19 76 13 91 30 5 126 

67 74 7 93 28 13 2 61 50 20 

104 94 95 118 7 16 117 9 99 84 

93 2 86 78 38 32 30 70 74 121 

23 37 38 112 88 69 97 23 2 94 

119 113 104 43 73 63 81 94 12 49 

15 80 73 78 26 21 70 32 118 43 

114 48 40 71 14 24 19 38 85 78 

71 92 120 57 24 111 75 2 66 59 

78 124 19 116 63 48 41 86 117 122 

13 19 74 3 49 48 111 3 126 40 

97 30 121 84 26 38 16 42 73 88 

61 120 17 125 17 85 61 85 26 15 

84 43 110 31 122 21 102 35 15 120 

19 111 45 74 26 67 76 70 56 116 

29 47 93 109 80 71 91 104 3 13 

60 107 104 103 40 25 75 54 33 34 

27 113 93 36 23 37 69 4 105 111 

47 29 35 27 124 125 27 58 32 118 

17 7 0 77 77 125 123 50 111 109 

1 49 56 47 3 50 116 97 121 69 

67 54 86 65 30 65 97 4 25 71 

6 13 0 6 90 45 123 53 53 4 

17 126 119 105 91 12 9 118 37 101 

114 31 14 8 106 34 113 18 74 81 

103 39 104 125 84 127 5 89 125 50 

92 117 69 6 95 114 7 78 35 35 

107 94 111 127 15 97 55 51 76 97 

4 23 29 65 39 51 105 116 7 123 

30 16 78 52 83 23 107 20 63 109 

41 28 25 109 123 11 121 4 89 125 

75 97 88 76 40 60 51 54 85 36 

54 21 115 3 125 28 99 91 56 57 

14 83 1 61 47 105 127 53 122 71 

70 95 110 11 23 102 69 23 11 23 

89 58 78 81 27 56 77 94 123 39 

89 25 2 43 17 119 54 9 2 68 

91 42 89 101 3 97 74 119 53 51 

53 96 30 3 43 114 106 8 56 55 

6 49 111 41 123 51 86 19 117 122 

19 48 101 76 88 91 92 113 75 76 

2 18 88 90 68 40 36 5 7 9 

27 69 119 51 27 16 114 0 114 63 

123 111 20 67 23 52 78 79 55 63 

67 41 10 25 57 78 95 119 50 48 

42 81 63 3 40 19 103 63 38 120 

46 36 32 40 87 75 78 46 90 36 

46 5 31 98 32 16 106 40 39 101 

24 60 70 103 17 2 120 49 103 125 

2 95 100 67 26 97 58 96 87 48 

125 99 29 90 80 47 80 90 10 27 

95 1 65 97 61 44 13 122 0 23 

39 8 111 53 82 7 11 113 101 55 

92 62 45 69 46 46 29 94 91 109 

51 113 22 37 118 108 104 84 60 116 

34 6 111 21 41 102 117 6 68 89 

0 88 0 62 63 119 94 86 32 117 

106 83 18 13 53 71 28 83 119 115 

127 50 30 86 16 32 79 109 60 99 

92 93 127 71 120 33 118 115 13 115 

78 71 90 3 46 44 108 45 3 118 

6 38 90 20 62 118 53 38 90 33 

40 12 113 89 7 40 75 44 80 108 

35 126 80 22 41 87 26 91 106 87 

4 16 95 53 93 26 48 28 52 45 

47 2 92 46 85 80 90 81 43 117 

26 5 14 61 47 104 55 5 9 81 

92 126 108 123 48 18 113 48 30 22 

40 77 115 32 57 54 57 68 50 126 

67 59 89 113 21 77 2 8 73 99 

95 123 127 96 88 112 90 6 43 119 

71 51 106 15 108 93 69 3 7 93 

115 62 103 102 110 86 46 63 95 33 

46 59 23 35 41 2 40 126 39 62 

68 35 120 64 61 117 10 29 74 126 

108 76 44 35 53 115 71 16 81 108 

126 115 8 127 24 18 53 122 53 112 

20 39 22 19 69 96 6 25 56 13 

81 95 116 68 58 13 82 18 50 54 

117 100 95 61 3 40 87 4 11 47 

113 114 96 32 61 55 95 61 33 54 

95 121 48 51 21 34 31 49 99 1 

125 41 104 109 112 127 51 67 11 106 

87 75 105 123 97 119 117 50 9 1 

44 105 126 70 63 101 105 32 107 106 

87 72 108 7 36 125 106 92 24 111 

17 4 31 6 26 7 10 59 53 102 

14 60 126 92 9 77 29 98 12 91 

52 113 32 80 15 42 98 9 63 12 

95 5 9 109 74 82 58 114 70 123 

71 112 8 10 127 89 29 26 74 120 

34 54 121 18 50 123 15 57 113 39 

52 102 90 44 66 11 35 86 42 28 

30 31 19 42 34 77 111 87 98 97 

127 52 92 28 7 11 21 9 46 106 

95 43 91 66 63 31 49 19 75 80 

9 101 120 46 105 31 40 65 43 50 

23 13 35 39 111 2 103 60 108 57 

89 82 10 101 61 100 82 44 69 4 

56 120 46 26 121 107 27 6 10 119 

102 29 51 87 112 2 14 61 25 63 

122 14 81 113 44 73 54 101 26 88 

94 19 88 11 113 15 71 49 10 104 

72 53 74 3 50 112 85 7 127 75 

109 62 108 45 9 25 30 82 75 78 

112 100 98 11 84 109 69 11 92 104 

1 114 3 105 55 91 78 27 22 76 

100 83 84 75 126 28 77 58 39 23 

66 2 42 120 51 66 101 98 26 4 

49 73 56 112 45 16 80 118 39 95 

19 35 101 9 95 106 30 101 98 119 

69 86 89 81 29 62 55 5 8 16 

71 30 12 11 38 68 0 30 99 18 

14 119 118 63 93 76 96 35 32 127 

12 121 117 58 43 106 76 41 115 9 

9 46 47 63 108 8 49 20 107 78 

0 126 89 84 64 80 8 78 12 36 

33 47 81 5 96 78 30 51 96 4 

5 11 35 11 38 43 65 126 92 89 

60 123 112 33 98 71 109 82 60 46 

78 68 108 43 1 87 105 37 106 17 

104 103 34 71 1 65 68 16 12 57 

122 110 76 40 93 37 84 82 44 67 

3 0 4 124 52 46 120 22 75 84 

78 48 112 24 39 59 20 90 38 108 

29 0 106 7 87 60 55 28 12 84 

113 44 44 14 85 100 85 39 99 35 

127 43 76 82 27 13 88 60 28 84 

9 31 81 90 101 105 77 100 126 95 

45 41 96 93 11 84 78 77 94 67 

119 125 82 124 69 87 37 65 79 112 

34 29 20 51 11 118 59 81 16 104 

29 3 1 100 112 109 7 28 19 60 

13 44 109 126 42 92 105 69 43 24 

115 64 110 46 109 58 33 51 20 17 

41 127 24 90 63 89 28 17 89 55 

54 113 0 36 120 54 120 45 102 63 

72 59 85 0 46 8 38 96 106 44 

26 19 112 31 119 56 115 59 40 99 

60 17 38 26 63 19 97 68 36 70 

117 17 117 122 107 8 33 75 64 52 

36 34 2 101 117 82 98 78 44 3 

82 121 66 39 24 106 55 10 63 80 

64 0 100 41 56 63 87 14 13 29 

81 12 82 58 23 7 63 119 14 15 

107 111 86 2 25 76 68 85 38 20 

110 90 100 87 80 117 79 96 119 48 

27 35 9 123 16 111 12 34 42 8 

66 75 77 37 2 71 83 85 51 122 

22 117 48 58 67 32 22 46 63 110 

84 90 33 121 76 109 20 97 32 35 

8 56 6 41 6 2 44 126 97 52 

91 105 37 33 72 61 21 3 79 85 

12 22 34 19 48 47 26 82 77 25 

72 40 98 120 13 34 4 106 29 101 

110 97 1 22 15 114 121 118 11 90 

95 40 21 87 62 98 26 125 13 91 

21 121 11 79 28 16 76 126 103 87 

68 115 102 39 120 121 96 81 68 21 

15 89 96 74 48 40 106 12 108 11 

37 45 51 44 41 62 87 50 116 16 

93 99 30 88 49 34 63 8 105 119 

90 22 3 83 80 95 109 35 115 18 

49 81 121 64 2 72 31 113 34 20 

0 39 95 87 68 112 60 1 97 101 

115 111 114 83 90 8 98 117 61 72 

105 4 50 114 89 123 119 80 15 44 

14 94 110 8 27 96 100 76 77 121 

77 12 116 111 33 52 110 39 31 32 

47 122 94 112 79 73 5 36 121 78 

71 33 50 101 72 88 110 13 34 37 

76 2 60 4 124 8 25 112 90 17 

26 52 0 119 3 45 110 38 110 122 

53 14 96 103 25 35 112 62 26 29 

37 47 117 7 96 122 58 127 113 70 

71 0 13 59 36 66 7 81 121 64 

0 35 108 26 13 119 124 23 58 72 

99 72 80 0 37 59 60 114 9 16 

6 98 51 111 24 32 25 64 36 37 

43 31 65 3 103 2 44 110 4 77 

127 50 54 15 20 91 105 16 110 84 

28 91 50 76 123 11 103 38 92 73 

91 64 9 26 24 92 107 48 13 51 

106 17 127 37 105 125 99 111 92 42 

21 53 11 16 22 59 42 4 10 115 

45 84 24 1 28 116 5 91 105 49 

34 29 121 74 5 38 97 66 1 29 

51 21 64 81 111 65 74 94 111 6 

57 80 13 25 119 118 126 64 74 24 

124 124 105 56 22 109 36 111 63 30 

63 11 62 81 49 4 115 18 83 23 

38 40 8 16 95 79 49 112 50 105 

70 55 32 116 68 37 89 124 3 69 

89 86 10 33 88 35 80 72 98 78 

32 105 32 107 84 100 21 70 1 74 

75 95 5 35 74 33 97 38 82 22 

125 44 72 31 46 88 100 112 79 92 

17 90 84 88 101 85 106 126 116 40 

90 67 113 2 108 62 80 101 93 125 

65 12 38 10 80 126 60 43 57 122 

19 0 7 23 40 36 36 11 114 35 

76 9 31 113 91 50 57 33 31 31 

1 78 32 31 15 47 89 73 127 114 

123 62 108 85 8 59 90 36 74 64 

125 76 93 109 77 56 11 65 60 76 

0 4 24 76 41 0 110 32 79 87 

80 60 63 52 20 108 58 64 7 24 

77 14 39 124 66 106 31 94 51 56 

7 35 106 17 47 120 32 96 28 116 

23 102 120 93 89 105 52 6 105 48 

1 23 125 81 125 34 96 35 111 62 

93 127 19 120 54 33 80 110 124 72 

59 97 115 57 0 100 97 114 127 7 

42 1 35 126 55 25 36 94 109 75 

98 86 95 36 111 47 118 57 76 29 

125 20 83 21 71 100 25 42 104 24 

108 1 25 125 13 114 109 31 78 67 

19 46 83 22 56 86 122 60 74 9 

114 55 55 17 100 78 97 17 112 99 

106 113 91 58 106 104 67 116 116 6 

51 26 14 111 43 12 13 30 97 28 

51 10 62 36 53 80 3 70 78 87 

51 1 89 82 109 21 55 110 116 75 

18 78 32 105 125 58 33 22 62 115 

41 76 1 57 28 123 51 85 13 28 

72 102 37 41 9 58 27 45 117 64 

94 32 4 44 116 67 66 60 39 114 

82 81 83 53 42 90 92 88 50 120 

43 45 108 82 93 62 5 5 10 118 

96 21 77 60 60 10 20 9 24 21 

120 123 116 119 26 56 121 86 2 24 

109 82 76 87 73 36 54 78 59 19 

13 20 109 108 15 119 119 98 108 65 

7 89 2 119 13 97 90 107 67 116 

66 15 87 122 7 58 117 65 63 20 

21 119 91 97 17 45 121 99 10 43 

114 34 60 25 69 102 18 62 90 27 

60 41 60 59 51 89 124 33 14 47 

81 56 44 68 23 20 97 120 39 126 

100 126 71 66 27 26 62 107 44 17 

57 4 17 107 100 25 96 77 124 69 

16 47 106 10 32 66 67 21 50 3 

47 95 44 27 91 120 85 82 66 120 

49 32 51 116 113 5 57 54 46 73 

122 110 83 111 84 20 24 53 125 12 

64 61 96 29 101 108 123 54 0 77 

42 21 38 44 11 93 70 31 50 100 

119 6 120 7 25 29 104 99 122 3 

10 83 122 124 88 107 78 117 13 40 

65 114 118 32 39 87 52 37 108 13 

7 104 78 70 20 54 62 74 57 47 

12 124 89 75 74 64 6 33 15 89 

18 126 48 110 65 57 61 6 93 2 

36 69 120 63 104 97 77 94 41 16 

63 12 27 92 119 24 37 100 59 24 

113 7 30 24 5 52 104 101 54 51 

22 14 71 82 18 43 55 95 34 109 

28 23 58 118 126 125 45 74 24 6 

38 63 63 40 2 79 83 11 38 120 

23 125 79 79 70 91 71 34 120 1 

75 79 61 79 113 35 79 39 76 93 

47 26 90 22 96 59 117 51 109 94 

31 122 81 124 123 88 4 49 80 34 

62 42 48 29 37 124 61 70 45 120 

44 4 126 104 119 42 20 38 39 27 

53 57 50 66 40 41 90 109 16 7 

39 83 49 52 2 37 83 83 67 89 

61 35 110 77 55 70 9 119 104 108 

4 62 17 14 56 91 86 93 7 30 

11 11 61 24 25 115 73 96 86 31 

110 72 4 43 3 14 90 97 25 49 

89 112 54 4 90 28 2 96 28 54 

102 67 101 40 55 92 9 99 110 123 

15 22 123 2 47 115 32 46 20 104 

47 6 61 111 91 74 112 16 25 1 

127 64 84 105 30 10 2 79 21 86 

26 112 92 67 119 36 6 20 25 54 

74 118 17 81 98 123 41 13 104 90 

53 125 126 51 31 76 30 25 66 10 

87 120 54 103 68 90 109 87 23 84 

3 115 28 116 85 62 77 89 0 91 

103 127 127 47 107 25 108 117 104 71 

51 80 38 46 50 107 79 52 35 17 

64 23 60 121 124 63 115 103 105 115 

65 12 23 35 48 5 106 56 43 78 

98 61 69 69 101 48 51 90 8 32 

86 127 46 111 96 54 124 110 74 110 

90 78 6 42 29 36 107 4 61 116 

87 74 9 120 74 35 24 55 114 33 

61 59 58 106 80 113 84 72 25 73 

62 83 100 25 94 79 33 47 64 35 

29 88 29 75 58 18 116 68 14 49 

35 6 83 112 14 89 74 114 117 45 

5 13 92 58 12 19 32 121 5 70 

91 54 89 98 17 99 92 35 34 58 

116 51 57 38 60 80 15 102 28 75 

104 105 32 47 120 71 25 115 81 41 

89 18 30 110 65 2 116 100 58 34 

93 29 106 117 42 110 43 51 72 108 

28 50 12 15 99 104 124 57 61 121 

24 27 18 73 13 77 49 113 9 23 

84 98 86 53 89 85 59 103 36 108 

84 32 10 0 117 55 21 118 8 55 

70 100 84 16 63 45 61 95 48 48 

56 101 73 38 69 73 48 10 64 34 

76 120 21 66 80 17 53 122 30 9 

74 45 11 60 90 24 13 103 13 23 

33 14 64 120 123 23 93 90 50 97 

63 77 84 8 86 5 21 39 17 13 

125 41 118 64 75 93 8 58 64 62 

126 119 47 94 11 80 3 17 113 63 

85 77 117 22 84 22 94 67 29 37 

99 2 113 120 64 103 25 104 76 100 

30 49 110 50 71 25 37 104 74 117 

35 52 111 47 13 70 45 13 64 58 

16 42 15 35 80 91 94 55 52 70 

110 126 57 69 92 122 32 65 14 8 

53 11 2 122 30 90 112 97 62 42 

98 74 117 3 29 26 27 127 87 93 

97 82 109 33 103 81 113 86 94 127 

112 76 77 31 0 42 15 77 86 126 

59 127 51 115 15 35 19 83 116 79 

26 86 23 93 125 15 112 24 43 121 

78 37 22 118 39 63 106 28 60 29 

15 127 126 87 83 2 124 81 10 26 

88 14 16 11 11 43 20 5 70 32 

2 125 14 27 27 90 10 78 113 25 

87 73 112 6 68 121 70 110 50 69 

45 84 119 13 41 85 2 0 124 96 

6 76 113 112 48 115 19 85 35 125 

17 78 50 65 70 88 27 24 25 15 

25 111 119 95 107 6 68 109 103 64 

4 23 72 2 12 99 51 74 66 8 

63 90 105 67 123 29 110 16 73 74 

77 71 32 38 78 34 32 62 79 92 

103 112 54 51 110 57 62 115 20 122 

113 28 15 57 93 90 4 113 100 17 

43 95 104 36 104 116 24 3 57 74 

94 44 48 120 17 55 28 16 24 87 

95 0 14 49 54 107 43 2 60 70 

77 115 27 10 20 64 111 87 19 23 

99 24 74 48 101 84 61 126 78 12 

104 3 90 27 7 112 66 73 101 72 

43 29 61 93 29 71 21 107 102 10 

103 50 87 13 86 70 102 3 70 79 

66 76 39 79 0 110 42 53 105 3 

95 64 101 65 58 14 109 48 101 49 

13 108 76 112 42 8 90 103 59 5 

95 110 52 69 25 54 47 57 17 102 

43 77 96 48 36 72 77 6 62 17 

91 116 108 60 61 109 63 21 14 96 

67 114 98 92 70 102 9 113 63 108 

22 16 111 100 92 26 27 6 82 44 

89 116 72 109 19 114 115 86 111 23 

11 112 117 22 66 47 106 24 74 121 

38 66 75 60 2 90 58 3 108 113 

34 13 7 12 37 52 118 106 57 50 

59 69 108 1 54 14 11 34 69 9 

72 8 32 17 85 126 2 123 92 120 

19 11 80 124 103 6 11 38 111 30 

74 115 19 37 37 53 96 65 108 14 

13 68 106 121 116 99 15 19 43 18 

22 108 88 118 22 101 114 11 76 59 

70 114 70 49 52 19 94 16 125 28 

121 103 90 27 19 68 103 74 63 101 

60 37 5 105 64 21 76 68 61 124 

62 91 105 30 33 60 22 34 80 125 

101 82 127 27 39 62 82 14 115 2 

46 33 99 113 39 98 81 79 98 46 

8 66 118 25 87 21 102 18 101 6 

58 90 36 26 44 73 111 74 56 23 

4 67 41 61 5 125 18 82 86 31 

52 54 54 97 126 13 36 2 122 61 

75 99 9 26 66 125 16 117 91 3 

8 41 96 29 100 80 74 67 111 7 

75 34 59 88 65 9 58 77 98 107 

102 79 8 53 99 58 48 13 85 28 

38 118 116 59 116 26 13 36 122 97 

3 91 107 63 67 17 116 75 103 93 

104 59 124 59 106 34 75 12 84 41 

60 126 69 104 51 33 31 101 55 47 

113 52 53 0 16 19 19 115 43 51 

112 98 113 21 59 100 123 16 58 21 

71 93 46 20 39 121 54 35 33 39 

99 11 55 108 50 82 26 48 105 124 

13 100 59 98 71 93 31 6 119 114 

125 4 98 69 2 92 117 84 101 46 

120 79 9 3 43 96 120 10 39 44 

121 9 74 114 58 105 10 42 127 32 

63 63 6 15 102 117 80 57 83 92 

23 61 60 64 50 81 49 94 62 38 

44 46 11 61 89 76 4 24 72 76 

117 16 69 95 79 100 125 45 95 4 

81 59 98 122 63 91 41 31 0 9 

87 2 93 65 19 42 94 97 20 88 

67 58 8 18 4 107 42 44 109 115 

26 77 71 81 67 66 98 122 1 26 

122 60 40 52 107 111 0 87 49 8 

57 73 105 8 45 97 27 62 4 7 

40 110 53 0 111 53 5 120 17 124 

10 100 45 118 19 120 116 63 30 26 

86 1 54 65 124 16 81 89 7 103 

53 113 104 57 119 37 97 110 37 5 

59 63 114 82 35 86 95 119 80 79 

101 8 86 67 17 35 32 54 70 30 

93 2 68 89 39 69 25 79 87 116 

20 27 39 96 21 57 7 72 33 91 

77 43 19 78 76 88 124 125 91 69 

10 34 73 29 79 87 110 87 36 44 

23 16 17 31 102 101 88 68 90 96 

54 45 102 94 91 82 96 77 114 72 

92 35 23 122 126 63 107 124 112 108 

24 84 18 88 95 44 67 4 108 100 

27 45 121 117 32 30 55 3 47 103 

32 101 95 106 1 104 57 50 82 57 

78 35 78 21 64 126 94 48 95 79 

72 57 23 99 33 10 91 26 82 112 

24 62 82 82 99 97 99 119 43 31 

94 120 100 72 14 53 72 60 74 123 

102 102 67 7 74 33 124 79 30 62 

23 110 22 38 109 110 9 117 43 116 

48 88 115 123 68 91 62 95 92 109 

110 119 39 16 114 123 122 16 113 30 

116 84 24 12 48 60 31 37 36 50 

88 15 94 39 51 68 32 35 85 82 

30 81 82 12 0 110 16 105 35 15 

10 125 14 72 1 102 80 25 95 63 

98 91 109 58 12 51 121 30 93 7 

84 6 115 127 68 91 86 78 10 65 

15 122 28 21 117 8 101 34 18 67 

51 113 110 98 103 123 116 14 65 22 

2 108 16 49 85 119 124 105 64 114 

11 41 58 37 113 103 99 72 70 115 

72 127 58 9 88 105 53 36 18 46 

23 31 50 116 107 4 121 95 81 111 

24 83 115 5 109 26 112 92 25 3 

84 45 76 66 108 102 90 107 48 31 

21 33 73 89 105 41 103 15 47 121 

101 0 106 11 108 9 68 30 123 7 

102 77 112 14 36 100 11 117 124 50 

85 98 25 102 72 112 83 19 47 84 

46 114 96 117 52 14 70 59 51 60 

100 21 93 66 39 93 106 92 89 48 

11 48 82 95 33 125 68 35 40 70 

35 18 64 110 15 6 8 22 38 73 

68 119 105 108 49 54 91 125 53 127 

63 114 91 9 68 30 102 122 50 124 

71 45 122 17 113 58 100 20 9 1 

15 34 98 73 83 38 12 37 15 36 

38 3 108 121 84 26 25 94 80 127 

98 48 20 23 48 51 75 3 6 61 

126 41 117 69 71 26 22 119 28 67 

116 27 105 113 50 32 21 7 84 46 

48 33 37 51 70 100 95 97 80 127 

1 53 64 113 11 69 109 29 100 121 

10 59 31 65 63 12 56 45 58 111 

58 44 114 92 35 118 122 82 115 11 

76 26 53 61 42 47 16 4 30 119 

104 126 53 13 75 74 12 110 4 25 

78 123 122 112 116 84 4 21 82 28 

42 112 126 99 26 94 11 114 28 47 

124 126 51 45 114 22 61 97 72 46 

115 54 53 84 111 15 8 28 21 59 

10 84 111 32 70 104 35 24 25 57 

108 71 79 37 53 76 105 68 126 7 

25 84 37 86 16 13 48 89 82 90 

66 66 101 109 41 31 55 8 104 98 

21 90 113 55 8 39 68 19 95 121 

119 12 62 105 107 111 108 39 29 122 

65 127 120 29 42 25 67 0 28 23 

6 4 14 75 72 18 33 121 115 110 

27 97 16 120 26 12 40 16 2 93 

19 37 97 9 101 87 103 78 3 0 

19 100 48 28 10 15 91 115 43 41 

61 71 100 109 24 46 3 8 15 51 

66 86 74 18 17 91 78 90 73 92 

30 103 77 7 71 36 124 108 19 99 

105 54 26 72 94 94 114 3 41 69 

87 8 10 33 15 84 47 88 15 79 

119 71 30 18 70 107 23 95 126 115 

103 111 42 23 35 99 50 71 125 73 

93 53 31 7 23 18 98 50 100 116 

24 68 25 1 0 34 14 17 66 94 

55 27 28 96 40 57 126 58 38 10 

100 65 2 92 16 9 54 107 119 28 

70 116 3 10 26 73 112 19 1 94 

5 110 26 78 84 113 108 63 71 27 

83 4 36 96 64 67 24 24 75 94 

23 79 63 109 41 30 86 7 64 115 

105 15 101 63 114 49 23 81 39 89 

63 95 103 72 0 54 0 83 66 119 

105 27 73 52 118 46 123 104 95 10 

30 22 31 118 85 42 45 37 100 30 

97 87 54 101 84 41 21 55 92 125 

114 72 111 23 46 112 68 69 19 68 

28 83 98 71 42 39 93 111 74 27 

49 3 95 71 93 25 82 118 108 97 

14 80 42 106 33 102 45 107 111 30 

72 72 41 113 89 31 27 56 24 72 

27 125 66 106 33 40 120 77 60 19 

120 46 118 56 64 63 115 30 78 46 

119 86 94 13 29 54 99 65 88 21 

91 86 26 22 36 99 3 73 66 124 

78 113 78 78 62 89 13 17 51 73 

71 113 28 118 52 109 4 64 56 43 

115 4 87 45 69 83 36 16 104 18 

50 70 69 74 92 9 124 86 108 46 

73 57 3 22 35 2 50 54 9 108 

119 26 63 57 70 20 62 76 69 70 

26 127 77 99 57 79 92 13 87 111 

46 124 120 14 100 0 57 19 96 63 

92 30 37 73 60 101 67 47 95 94 

90 37 124 121 127 36 31 49 97 54 

48 69 101 63 69 85 15 42 114 98 

38 33 94 59 31 61 49 41 20 29 

106 29 33 44 121 81 48 16 33 15 

122 2 37 93 90 30 48 32 47 114 

35 0 54 65 68 73 62 104 25 30 

61 117 64 59 83 57 102 32 73 10 

9 93 116 121 127 119 34 66 63 17 

114 91 84 45 125 3 68 80 27 36 

125 96 112 110 98 18 93 118 52 93 

120 58 124 21 81 122 90 55 104 81 

65 80 1 99 40 89 62 20 56 83 

101 45 59 43 120 9 42 19 15 88 

64 40 111 21 32 106 122 125 5 126 

49 113 92 16 55 113 7 45 13 53 

40 114 90 87 61 110 50 126 22 85 

79 80 80 124 96 33 23 60 14 60 

96 116 59 123 5 99 53 77 57 64 

101 44 96 97 8 95 124 122 80 125 

121 97 113 96 36 40 25 105 43 56 

62 66 85 115 54 124 71 38 61 4 

91 66 64 40 75 65 78 62 124 96 

97 0 94 98 46 10 81 74 57 64 

10 96 50 91 31 31 28 0 119 118 

106 120 36 90 80 114 28 127 120 27 

120 124 54 121 80 65 49 122 35 92 

43 66 28 32 97 97 79 113 0 72 

11 63 36 50 116 77 121 31 25 102 

15 47 45 117 67 46 25 21 22 18 

7 89 122 32 112 105 11 106 122 46 

112 117 68 84 44 25 83 127 32 111 

46 98 12 16 121 114 3 8 10 19 

69 100 82 21 25 66 66 103 126 15 

73 54 52 29 112 115 72 121 79 40 

81 120 4 105 15 8 24 64 22 21 

117 100 11 77 54 32 88 64 120 86 

62 109 56 14 43 97 16 0 57 29 

4 74 40 32 31 50 22 121 58 49 

73 4 96 0 99 103 45 41 27 63 

58 22 108 103 3 82 29 70 8 21 

21 92 52 114 50 124 84 118 121 87 

7 43 52 109 93 64 74 62 64 16 

64 112 47 26 125 126 124 110 14 18 

24 103 87 110 108 12 40 40 101 126 

116 21 18 21 79 68 121 66 93 25 

0 123 53 16 107 119 5 5 88 91 

56 55 4 107 74 61 32 14 30 91 

74 98 81 84 6 98 90 47 91 66 

38 82 117 109 91 102 13 89 5 36 

108 84 39 123 14 121 102 45 43 2 

15 80 30 70 5 89 8 37 67 115 

9 41 13 95 8 32 91 127 92 54 

119 91 96 10 85 105 29 53 103 1 

94 90 9 17 104 101 117 91 37 68 

54 35 124 44 51 71 83 8 125 41 

59 83 115 72 121 94 26 97 18 75 

46 7 96 32 109 63 72 18 113 1 

60 58 2 64 121 36 77 31 46 10 

124 20 18 71 67 112 40 76 83 125 

87 86 110 112 42 51 75 3 33 12 

120 51 10 83 100 26 60 5 48 10 

119 96 10 66 36 122 11 60 67 21 

106 92 95 68 46 29 59 31 27 72 

0 18 111 56 32 92 31 46 29 127 

116 113 111 68 14 66 37 109 100 76 

77 37 28 116 81 21 4 106 79 111 

69 44 56 125 5 73 57 89 96 49 

2 46 7 35 6 38 53 106 116 81 

11 19 81 119 97 78 15 55 27 104 

59 15 101 71 10 90 122 108 34 11 

45 123 41 2 77 11 116 92 100 18 

46 110 101 59 30 77 3 9 12 127 

82 4 78 62 72 121 43 90 21 100 

117 45 7 84 37 1 98 18 95 88 

6 33 2 62 33 81 3 81 22 93 

28 127 90 44 86 94 34 50 121 125 

23 48 72 117 60 67 4 109 4 12 

19 79 110 26 36 56 73 62 7 72 

99 106 23 81 99 77 56 82 96 122 

13 61 99 120 91 50 110 73 49 96 

9 85 58 70 120 92 91 38 60 116 

51 94 117 78 56 21 59 126 8 44 

71 31 81 96 27 70 96 73 48 94 

83 95 77 58 40 90 27 108 41 111 

0 15 26 99 60 42 28 109 73 0 

23 97 97 116 98 32 97 14 92 24 

113 96 118 91 26 65 106 112 70 106 

60 24 124 94 18 25 58 63 98 85 

116 85 57 122 29 13 57 11 109 65 

66 21 68 20 70 121 56 3 33 63 

69 49 0 4 37 73 121 98 35 83 

15 64 38 78 0 23 91 69 4 121 

83 57 90 4 18 30 94 82 110 36 

61 92 122 122 33 8 42 8 114 75 

114 67 85 62 68 25 29 5 24 119 

36 95 37 74 49 92 73 0 88 56 

121 41 79 47 32 29 1 112 66 23 

120 104 38 62 11 90 53 62 0 6 

34 113 97 124 123 3 1 55 102 97 

9 94 80 35 9 112 22 15 4 73 

67 61 60 90 103 8 13 49 52 124 

2 40 6 116 64 111 23 15 123 95 

101 110 67 96 81 52 109 98 102 85 

112 71 47 27 103 114 96 83 49 90 

53 111 70 3 107 105 77 105 6 53 

13 66 122 69 42 31 92 89 88 115 

41 101 53 78 33 20 56 20 116 112 

105 27 95 11 22 63 8 98 111 52 

26 103 126 25 126 105 93 116 85 27 

81 13 15 97 27 27 65 81 127 106 

90 94 5 18 42 73 91 108 86 126 

64 122 43 64 21 112 10 54 7 81 

73 82 51 116 110 18 76 60 92 17 

46 110 8 104 10 32 2 36 5 54 

7 7 64 66 13 92 17 78 20 71 

48 3 7 106 4 68 101 109 125 104 

42 24 82 117 19 75 88 101 36 37 

54 77 45 2 8 15 75 110 23 6 

42 89 79 8 51 103 57 0 94 77 

48 42 118 107 19 103 75 97 107 118 

23 34 35 8 114 9 37 0 109 60 

53 8 3 85 120 98 40 125 62 60 

16 124 56 40 92 28 3 108 23 42 

102 84 55 36 9 56 87 125 104 96 

67 14 89 18 50 38 34 49 5 65 

77 62 77 99 36 12 64 18 60 86 

42 114 117 59 121 101 32 101 18 47 

59 27 7 49 26 2 66 17 105 107 

30 5 66 13 17 74 52 105 54 87 

73 59 36 50 115 20 49 47 29 40 

92 16 19 102 91 86 124 77 45 95 

88 32 75 68 21 104 98 57 89 58 

94 120 102 12 106 95 2 25 123 127 

114 63 35 3 115 57 78 118 82 69 

70 103 29 124 108 7 28 10 126 29 

95 79 88 70 124 88 35 85 48 0 

74 83 96 13 13 13 1 115 17 47 

122 102 29 22 60 47 22 87 37 44 

60 20 15 85 11 6 113 109 50 32 

99 80 24 95 73 42 87 93 52 123 

3 86 1 118 112 30 115 25 2 56 

95 24 110 12 47 9 37 74 91 1 

35 42 11 44 87 96 65 106 123 20 

117 56 67 126 107 70 14 33 109 101 

106 125 24 15 80 62 42 30 69 26 

31 101 36 21 11 50 24 20 55 13 

41 16 92 4 62 114 1 35 54 109 

33 21 117 94 8 42 24 32 37 25 

12 74 35 73 69 123 106 102 7 103 

110 65 40 109 66 61 18 44 15 60 

42 15 21 52 30 40 37 96 17 37 

27 25 81 56 66 26 99 106 97 26 

42 28 91 21 98 120 50 27 82 50 

44 91 118 55 39 10 69 42 99 35 

92 6 97 22 100 61 51 106 92 4 

105 101 16 42 69 20 116 106 49 39 

15 32 58 114 38 46 9 1 3 53 

124 37 19 13 2 126 101 104 113 96 

96 22 0 39 61 115 18 25 94 81 

59 105 98 52 15 77 44 80 99 19 

94 127 26 89 37 71 124 8 24 73 

77 40 49 105 59 50 0 48 79 104 

82 37 114 52 65 81 119 74 12 100 

80 34 45 66 114 28 29 78 53 17 

104 101 5 25 34 28 13 81 123 42 

44 86 90 125 7 81 56 4 4 51 

74 94 119 68 89 103 110 97 92 73 

116 67 19 24 88 59 99 88 109 90 

54 115 85 93 11 119 107 114 82 46 

86 92 0 45 102 64 84 57 8 74 

31 79 38 91 125 88 13 60 103 68 

75 109 82 39 123 45 65 77 81 7 

121 67 114 105 54 71 26 97 114 58 

27 6 8 14 22 51 112 121 42 103 

56 67 40 41 124 118 82 34 100 53 

99 113 41 37 79 84 12 57 55 110 

59 2 34 118 116 61 92 68 10 49 

52 19 69 29 66 20 94 36 76 118 

108 42 119 7 53 57 60 96 91 82 

54 46 54 6 33 60 1 30 38 63 

15 107 69 98 0 87 40 51 48 105 

38 51 12 54 87 78 57 112 95 85 

18 86 81 1 54 3 31 11 29 108 

88 125 79 73 47 126 60 127 34 60 

46 28 63 121 83 74 21 119 84 86 

82 48 106 127 2 35 3 45 41 97 

13 17 50 3 114 46 90 49 56 116 

106 94 89 20 32 115 42 57 123 45 

77 104 86 75 44 85 113 11 118 10 

95 5 29 96 114 70 67 122 40 82 

31 73 30 50 24 38 74 51 6 59 

69 115 56 95 79 124 104 81 25 120 

22 96 93 56 118 115 66 75 89 54 

121 73 33 88 36 18 126 68 19 2 

111 113 107 86 18 59 123 100 81 122 

5 31 34 24 0 92 70 71 86 3 

85 47 79 18 125 95 121 82 89 119 

106 8 93 117 84 81 31 127 28 68 

30 123 59 40 96 121 30 117 92 57 

105 8 54 9 79 27 71 103 45 51 

114 78 13 0 88 21 82 114 5 89 

11 94 92 125 20 105 66 112 52 57 

73 33 12 52 6 100 116 33 121 56 

7 35 96 10 100 60 85 98 92 17 

93 23 62 58 32 29 112 0 126 68 

123 118 27 114 67 57 55 69 53 10 

109 86 75 89 87 69 71 91 59 110 

19 108 19 4 71 13 27 25 79 33 

37 105 49 42 111 114 62 21 65 41 

72 26 14 109 73 25 37 27 6 40 

100 78 54 13 32 24 105 99 58 106 

37 106 86 14 107 48 41 111 24 46 

94 24 41 116 59 113 8 94 102 69 

22 25 61 65 24 14 86 37 56 6 

118 93 21 34 1 88 46 6 105 111 

111 95 53 43 27 9 109 27 68 20 

72 34 79 74 23 116 15 61 48 50 

54 22 87 84 42 125 39 123 60 89 

111 79 16 63 94 6 70 125 104 14 

55 57 108 120 25 116 114 127 75 38 

17 70 3 67 58 90 99 36 96 43 

39 67 113 102 30 28 111 56 63 72 

107 85 30 126 125 24 56 62 97 4 

4 96 105 91 89 104 27 100 84 14 

72 5 39 97 45 15 64 23 82 11 

79 124 88 51 98 65 116 42 118 38 

91 62 59 4 120 56 31 113 27 48 

8 90 106 43 102 49 100 80 44 35 

84 80 114 40 1 22 92 9 9 84 

61 87 35 92 120 101 85 35 87 66 

14 66 114 120 120 82 127 122 99 52 

9 14 46 69 3 87 47 65 79 49 

111 105 58 117 109 125 63 55 85 5 

10 15 35 26 15 41 6 101 126 45 

103 18 13 121 88 56 19 102 2 22 

36 45 79 83 40 121 21 15 30 5 

48 28 20 50 11 46 107 69 120 80 

71 95 85 121 38 44 109 105 3 3 

13 51 123 32 86 49 23 36 33 44 

44 64 62 38 41 2 72 31 120 41 

79 72 88 75 57 49 4 88 58 85 

60 123 89 61 87 99 72 76 41 18 

103 77 12 16 25 69 34 25 108 83 

74 6 29 41 64 101 114 31 86 58 

65 22 27 19 111 80 70 71 32 115 

111 24 40 31 44 18 111 75 68 19 

100 64 84 68 63 109 84 6 21 108 

54 96 33 56 118 11 61 74 79 30 

94 101 114 47 26 54 112 107 60 117 

62 80 85 2 88 22 41 77 21 115 

67 65 49 107 3 31 33 45 67 117 

74 102 6 78 16 63 113 102 27 44 

16 29 27 83 63 66 89 25 50 23 

58 7 13 118 68 113 101 48 127 80 

32 41 30 45 36 35 81 14 13 44 

65 85 7 9 93 69 84 72 55 57 

7 102 101 37 109 61 74 47 13 4 

82 0 91 25 114 86 36 89 48 39 

56 10 114 24 61 75 88 28 24 106 

12 15 28 30 18 26 20 108 17 126 

24 52 6 18 15 59 92 37 6 72 

108 101 61 25 30 67 89 40 76 75 

52 33 125 19 26 46 119 123 122 57 

37 60 85 11 73 2 17 110 83 96 

30 45 122 59 54 40 65 117 15 9 

123 81 122 74 126 31 72 64 36 67 

91 124 20 101 48 111 57 27 4 71 

78 81 71 104 69 80 15 86 118 71 

30 59 61 94 24 108 120 118 102 25 

30 8 32 23 66 73 0 24 106 23 

81 46 91 98 32 18 36 66 65 40 

13 9 79 50 86 89 120 120 47 100 

106 39 110 54 39 99 4 113 17 97 

8 41 123 56 91 36 120 49 7 6 

66 11 94 34 67 32 95 34 60 32 

102 49 71 32 34 119 52 40 75 82 

0 85 10 6 65 47 91 5 85 91 

95 127 20 26 51 92 45 100 83 81 

36 38 24 29 5 23 70 29 123 124 

105 89 76 3 18 34 41 99 37 123 

29 87 117 112 51 5 38 46 105 82 

83 62 71 44 82 55 73 20 118 24 

1 108 4 14 81 65 6 127 44 70 

10 108 92 75 91 107 41 30 127 82 

11 41 115 111 36 64 87 5 122 116 

55 34 115 90 40 58 60 28 18 84 

123 72 74 88 32 55 86 121 20 1 

126 34 8 113 110 29 69 64 22 90 

60 89 123 39 0 122 41 70 110 75 

122 49 123 12 67 87 96 117 126 78 

106 99 70 108 61 70 20 106 70 94 

127 67 83 118 111 82 39 62 42 1 

111 100 93 15 26 115 67 96 56 8 

98 100 46 78 56 117 59 44 33 44 

34 87 92 0 92 122 66 12 33 101 

39 89 25 74 45 101 72 51 61 102 

102 6 68 64 74 41 14 51 11 85 

84 124 97 68 36 110 7 55 4 41 

65 90 11 108 69 19 70 87 101 106 

87 116 10 120 29 40 18 31 121 0 

50 127 89 100 32 92 86 93 117 42 

40 45 110 123 56 98 14 125 97 124 

126 124 4 9 121 69 8 126 99 36 

46 126 81 112 35 51 103 108 67 45 

110 65 31 106 41 91 125 76 31 37 

122 125 53 9 41 70 87 32 71 8 

22 41 109 65 57 91 79 90 12 78 

125 82 8 47 31 18 96 42 47 94 

74 19 50 117 82 60 81 74 18 98 

56 97 36 83 115 97 97 6 68 96 

22 76 101 59 21 81 122 95 90 98 

77 6 41 30 32 4 2 67 90 105 

75 63 114 46 82 6 23 2 10 9 

32 53 10 127 18 105 117 15 11 93 

9 65 116 100 11 103 78 21 35 118 

40 115 125 18 39 64 4 58 82 3 

77 110 113 25 22 60 18 38 25 103 

54 62 21 5 56 23 62 54 12 46 

92 25 34 13 22 96 113 47 52 34 

18 40 71 59 34 58 10 3 36 63 

84 22 115 23 62 125 118 51 113 104 

